0.25 0.5 1.0 2.0 3.0 4.0 5.0 6.0 7.0 8.0 9.0 10.0 12.0 14.0 16.0 18.0 20.0 22.0 24.0 26.0 28.0 30.0 35.0 40.0 45.0 50.0 55.0 60.0 70.0 80.0 100.0 120.0 140.0 160.0 200.0
0.0 0.7803048
1.0 1.0
0.0 0.0
0.0 0.7803048
1.0 1.0
0.0 0.0
0.0 0.7803048 0.9513585999999999
0.9999999999999221 1.0 1.0
0.0 0.0 0.0
0.0 0.7803048 1.267995 1.755686 1.902717
0.21704242344601166 0.8393776465872094 0.9999999999999448 0.9999999999999999 0.9999999999999999
0.0 0.0 0.0 0.0 0.0
0.0 0.7803048 1.267995 1.755686 2.243376 2.731067 2.854076
7.329141603030257e-05 0.06836585401834579 0.9944783641238405 0.9998681821624932 0.9999999999999513 1.0 1.0
0.0 0.0 0.0 0.0 0.0 0.0 0.0
0.0 0.7803048 1.267995 1.755686 2.243376 2.731067 3.218758 3.706448 3.805434
7.4245839774599734e-06 0.0014512098699301778 0.08261399435333086 0.3261745750834718 0.965955139853263 0.9999641861284447 0.9999999995448252 1.0 1.0
0.0 0.0 0.0 0.0 0.0 0.0 0.0 0.0 0.0
0.0 0.3413833 0.8290739 1.316764 1.804455 2.292145 2.779836 3.267526 3.755217 4.242908 4.730598 4.756793
4.8769045849412314e-14 3.604720136694951e-05 0.002106853066320853 0.03986150257183051 0.10169167920444903 0.27608369103121627 0.5799387435055212 0.9687742485247939 0.999863554503591 0.9999999678648076 1.0 1.0
1.0 0.05034583 0.05034583 0.05034583 0.05034583 0.05034583 0.05034583 0.05034583 0.05034583 0.05034583 0.05034583 0.0
0.0 0.1463071 0.2438452 0.3413834 0.4389214 0.5364595999999999 0.6339975999999999 0.7315358000000001 0.8290739 0.9266119 1.02415 1.316764 1.804455 2.292145 2.779836 3.267526 3.755217 4.242908 4.730598 5.218288 5.705979 5.708152
4.861606297061707e-14 1.0282248702222539e-13 1.884223204519584e-09 1.3538052899742613e-07 2.241272805483052e-06 1.8022776086689913e-05 9.184626770757193e-05 0.00033594022747359466 0.0009838790714451987 0.0024509937148654037 0.005390645151208926 0.05126207856360722 0.12531698264422939 0.20846756317815027 0.2947241267431379 0.419719962541695 0.6789552978877904 0.9668601089604145 0.9996491299836403 0.9999996488806946 1.0 1.0
1.0 0.9991503 0.03907498 0.04013596 0.04691604 0.05328391 0.05962449 0.06790967 0.0763104 0.08410794 0.09163313 0.09699865 0.09699865 0.09699865 0.09699865 0.09699865 0.09699865 0.09699865 0.09699865 0.09699865 0.09699865 0.0
0.0 0.1463071 0.2438452 0.3413834 0.4389214 0.5364595999999999 0.6339975999999999 0.7315358000000001 0.8290739 0.9266119 1.02415 1.121688 1.219226 1.316764 1.414302 1.511841 1.609379 1.706917 1.804455 1.901993 2.194607 2.682298 3.169988 3.657679 4.14537 4.63306 5.12075 5.608441 6.096132 6.583822 6.65951
4.210997101249804e-14 8.421994202499608e-14 1.267421696537065e-09 8.584319297658876e-08 1.422927414559629e-06 1.11766915603005e-05 5.806951308039807e-05 0.00021318453900290548 0.000620477231832308 0.001533095472207629 0.0033614746200949334 0.006678469878054333 0.012223481384000366 0.020880752416541002 0.033641185336562636 0.05155056443017225 0.07565946609817807 0.10700932045568436 0.14653502360213091 0.19481418958790195 0.26755545883454324 0.3860959957640585 0.4589867554077942 0.514485802253571 0.5816597122326499 0.7325152724772721 0.9533888501431574 0.9988023062716148 0.9999959976199061 1.0 1.0
1.0 0.9912941 0.02511312 0.02738681 0.03194365 0.03726985 0.04057899 0.04619693 0.05236143 0.05835452 0.06355136 0.06870633 0.07396073 0.07941885 0.0851388 0.09116293 0.09750805 0.1042036 0.1113252 0.1188876 0.2330516 0.2330516 0.2330516 0.2330516 0.2330516 0.2330516 0.2330516 0.2330516 0.2330516 0.2330516 0.0
0.0 0.1463071 0.2438452 0.3413834 0.4389214 0.5364595999999999 0.6339975999999999 0.7315358000000001 0.8290739 0.9266119 1.02415 1.121688 1.219226 1.316764 1.414302 1.511841 1.609379 1.706917 1.804455 1.901993 2.0483 2.243376 2.438452 2.633528 2.828605 3.169988 3.657679 4.14537 4.63306 5.12075 5.608441 6.096132 6.583822 7.071512 7.559202 7.610869
3.749180461760718e-14 7.498360923521437e-14 9.86724310648033e-10 5.9332970328753044e-08 9.229754355976434e-07 6.93534868310022e-06 3.331581964160101e-05 0.00012095141326307311 0.00035425953913602705 0.0008768506802579763 0.0019102324169984828 0.0037665637641120216 0.006863056522727694 0.011697422272423206 0.018814401562652495 0.028785924374496237 0.042180190254475655 0.059538123461252666 0.08132788415908732 0.10792089240878487 0.1448204314904868 0.1922250692489893 0.24964406795529165 0.31642402043851814 0.3912681226687504 0.4705409443194375 0.5713235266235336 0.6238765389921259 0.6652866496021238 0.7029728492266732 0.8156548054311332 0.9660749998849519 0.9988811312499771 0.9999941362067741 1.0 1.0
1.0 0.9637317 0.01562669 0.01923142 0.02395784 0.02929011 0.03494317 0.03961176 0.04428184 0.04936731 0.05447137 0.05947358 0.06416102 0.06889745 0.07394952 0.07931838 0.08500665 0.09098362 0.09732513 0.1040787 0.1188902 0.1356124 0.1543374 0.1752753 0.1986163 0.3255596 0.3255596 0.3255596 0.3255596 0.3255596 0.3255596 0.3255596 0.3255596 0.3255596 0.3255596 0.0
0.0 0.1463071 0.2438452 0.3413834 0.4389214 0.5364595999999999 0.6339975999999999 0.7315358000000001 0.8290739 0.9266119 1.02415 1.121688 1.219226 1.316764 1.414302 1.511841 1.609379 1.706917 1.804455 1.901993 2.0483 2.243376 2.438452 2.633528 2.828605 3.023682 3.218758 3.413834 3.608911 3.803986 4.14537 4.63306 5.12075 5.608441 6.096132 6.583822 7.071512 7.559202 8.046893 8.534584 8.562227
3.3109358457764446e-14 6.621871691552889e-14 6.684448379038063e-10 4.743442037874235e-08 6.879978675252655e-07 4.8952702654703095e-06 2.2941526092874823e-05 8.339755916882981e-05 0.00024419415179971656 0.0006016994027127044 0.0013039902822999606 0.0025600596830185856 0.004650114754245318 0.007909570514023707 0.012699292813150208 0.019396895540303542 0.02837563042618563 0.039989496109555184 0.05454449259221473 0.07227618633771955 0.09678471019423132 0.1281420538398447 0.16594277662556517 0.20944238151711142 0.25771718363222873 0.30985664250397016 0.36502885239172594 0.4227052223877178 0.482979584413815 0.5450565854611452 0.6239317188500976 0.6992546153888334 0.7375301594841965 0.7674563477995372 0.7914847098068869 0.8746441941802741 0.976327470658102 0.9990861980294794 0.9999935639711375 0.9999999999999999 0.9999999999999999
1.0 0.8641496 0.0173781 0.01742526 0.02261334 0.02824539 0.03322234 0.03556071 0.03839042 0.04158949 0.04454183 0.04728829 0.05114121 0.05497755 0.05911646 0.06353363 0.06822514 0.07315972 0.07838862 0.08397826 0.09630249 0.1102981 0.1260732 0.1438365 0.1638371 0.1861546 0.2109645 0.2383208 0.2682339 0.3006661 0.2767658 0.2767658 0.2767658 0.2767658 0.2767658 0.2767658 0.2767658 0.2767658 0.2767658 0.2767658 0.0
0.0 0.1463071 0.2438452 0.3413834 0.4389214 0.5364595999999999 0.6339975999999999 0.7315358000000001 0.8290739 0.9266119 1.02415 1.121688 1.219226 1.316764 1.414302 1.511841 1.609379 1.706917 1.804455 1.901993 2.0483 2.243376 2.438452 2.633528 2.828605 3.023682 3.218758 3.413834 3.608911 3.803986 4.14537 4.63306 5.12075 5.608441 6.096132 6.583822 7.071512 7.559202 8.046893 8.534584 9.022274 9.509965 9.513586
6.472906770801983e-09 1.3025359193204046e-08 2.04628086874375e-08 7.346750908119602e-08 6.941200431277282e-07 4.943780996006685e-06 2.3035074631039554e-05 8.012010851393735e-05 0.00023306213304924146 0.0005779893799110621 0.0012579182444300645 0.0024737800775228138 0.004481168016690679 0.007605617815980807 0.012192513730634659 0.018592778226793016 0.02714763044184818 0.03816432407140221 0.05192047964327303 0.06861894546207827 0.09152571157847941 0.1207137476863966 0.1557255180888253 0.19581052955272718 0.2400565575085395 0.2875420373210219 0.3374546245325428 0.38909174630607124 0.4419169175407376 0.49553899282925873 0.5504019871757786 0.6076601052277992 0.6733719132779875 0.7416082273456812 0.7758619462995621 0.8011798796660135 0.8215978629312364 0.8961703603728961 0.9802317441695085 0.9991549619349087 0.9999927120604869 1.0 1.0
1.0 0.8234171 0.01357824 0.01689992 0.0227413 0.0270805 0.03215741 0.03709869 0.03984218 0.04265103 0.0456399 0.04839164 0.05098509 0.05307811 0.0552099 0.05745618 0.05978325 0.06169581 0.06412873 0.06662108 0.07272022 0.08363089 0.09606675 0.1101633 0.1261602 0.1442592 0.1645638 0.1873048 0.2125374 0.2403283 0.3206552 0.4137153 0.3649081 0.3649081 0.3649081 0.3649081 0.3649081 0.3649081 0.3649081 0.3649081 0.3649081 0.3649081 0.0
0.0 0.1463071 0.2438452 0.3413834 0.4389214 0.5364595999999999 0.6339975999999999 0.7315358000000001 0.8290739 0.9266119 1.02415 1.121688 1.219226 1.316764 1.414302 1.511841 1.609379 1.706917 1.804455 1.901993 2.0483 2.243376 2.438452 2.633528 2.828605 3.023682 3.218758 3.413834 3.608911 3.803986 4.14537 4.63306 5.12075 5.608441 6.096132 6.583822 7.071512 7.559202 8.046893 8.534584 9.022274 9.509965 9.997656 10.48535 10.97304 11.4163
3.94818101053729e-05 8.125567956431792e-05 0.00012551358204823988 0.0001784943297434159 0.0003301106848182587 0.0008492466841536923 0.00276184383757819 0.00649769798192919 0.01182331997689025 0.01845119437542279 0.025984666373353928 0.03480215327607308 0.04479751489989369 0.05607586845461317 0.06841270106365796 0.0817753373467637 0.09519939524068759 0.10757259988564162 0.12034941755002102 0.1358290717259657 0.15701338961489453 0.18382445249135487 0.21577042248067013 0.2520619158028613 0.2917240084494774 0.33382449885731424 0.3775041553863646 0.42198867315748295 0.46664593401942767 0.5110173600342945 0.5542272124834104 0.5958567695544222 0.635795862273619 0.6741649557804791 0.711796976672146 0.7510023181199457 0.7786024093925987 0.8270638045846513 0.8507051795442465 0.8658978364027847 0.881366493609421 0.9353915382209138 0.9878901928641104 0.9994292453360601 1.0 1.0
1.0 0.5984402 5.985385e-05 0.0001023846 0.000116116 0.0002083872 0.0002661235 0.0004907814 0.000989357 0.001921496 0.003574337 0.005804101 0.008932519 0.01286898 0.01797354 0.02400539 0.0334271 0.04890391 0.06178284 0.06459951 0.0705267 0.07699768 0.08395545 0.09146246 0.09968261 0.1085253 0.1180234 0.1282891 0.1387624 0.1504574 0.2025516 0.2745332 0.3603737 0.4559084 0.5546185 0.6493061 0.9999678 0.9999678 0.9999678 0.9999678 0.9999678 0.9999678 0.9999678 0.9999678 0.9999678 0.0
0.0 0.1463071 0.2438452 0.3413834 0.4389214 0.5364595999999999 0.6339975999999999 0.7315358000000001 0.8290739 0.9266119 1.02415 1.121688 1.219226 1.316764 1.414302 1.511841 1.609379 1.706917 1.804455 1.901993 2.0483 2.243376 2.438452 2.633528 2.828605 3.023682 3.218758 3.413834 3.608911 3.803986 4.14537 4.63306 5.12075 5.608441 6.096132 6.583822 7.071512 7.559202 8.046893 8.534584 9.022274 9.509965 9.997656 10.48535 10.97304 11.46073 11.94842 12.43611 12.9238 13.31902
2.998265287003166e-05 6.314035670214514e-05 9.977826513571673e-05 0.0001457181283650186 0.00027192589551837225 0.0008651030114464131 0.0031133628460805994 0.008012956179508429 0.01526808276733427 0.024350143850529974 0.035173708034970726 0.04786133955335574 0.0626426592537528 0.07962565083734922 0.09884607540445475 0.12035156017261321 0.14412353726942478 0.17079258780019724 0.1961827365221185 0.2230054885817071 0.2549356029159868 0.29177427338201667 0.3329206088704876 0.3778788073730416 0.424945559399183 0.4694706141073309 0.5121593414004665 0.5524793208335064 0.5865499281056282 0.6204860934029164 0.6530143960571276 0.683214143944887 0.7105485863456571 0.7346666105757467 0.7566301919873367 0.7769334498844312 0.7960055029396218 0.8143148259263039 0.832875490887727 0.8530835873489384 0.8699344445004596 0.8990319774427918 0.9130210863268915 0.9211365427419989 0.932034047106373 0.9654262542447845 0.9937738154469593 0.9996961181247436 0.9999999999999999 0.9999999999999999
1.0 0.004517036 0.0001220653 7.915794e-05 9.780897e-05 0.0001215388 0.0001531897 0.0002538893 0.0004938773 0.0009556687 0.001698394 0.002759534 0.004140467 0.005848595 0.007939412 0.01037085 0.0131386 0.0158009 0.02169484 0.02608127 0.03285566 0.03954913 0.04610781 0.05259367 0.06030639 0.07433626 0.08833959 0.1041834 0.1362405 0.1492152 0.186119 0.2291497 0.2773651 0.3288919 0.4159887 0.513644 0.6106014 0.6998915 0.7766731 0.8387188 0.9999889 0.9999889 0.9999889 0.9999889 0.9999889 0.9999889 0.9999889 0.9999889 0.9999889 0.0
0.0 0.1463071 0.2438452 0.3413834 0.4389214 0.5364595999999999 0.6339975999999999 0.7315358000000001 0.8290739 0.9266119 1.02415 1.121688 1.219226 1.316764 1.414302 1.511841 1.609379 1.706917 1.804455 1.901993 2.0483 2.243376 2.438452 2.633528 2.828605 3.023682 3.218758 3.413834 3.608911 3.803986 4.14537 4.63306 5.12075 5.608441 6.096132 6.583822 7.071512 7.559202 8.046893 8.534584 9.022274 9.509965 9.997656 10.48535 10.97304 11.46073 11.94842 12.43611 12.9238 13.41149 13.89918 14.38687 14.87456 15.22174
5.069664570222247e-06 1.092965909534307e-05 1.7712614405386488e-05 2.7409644201597924e-05 7.538968733154096e-05 0.0003949704247110708 0.0016152981996146636 0.004403134260747751 0.008762265575095657 0.014640624368989037 0.022193911806247104 0.03176976632545016 0.04369880373775011 0.0584611724165972 0.07627162933425263 0.09722064829591041 0.12133354061870988 0.1504007517400802 0.1769604322405277 0.20136072477988523 0.23074649463228364 0.26565977669541835 0.3054663343502951 0.34942785204489724 0.3957255359024925 0.4410259821719569 0.485864667926042 0.5305678921343 0.5747688117206241 0.616876269537447 0.6539984534989275 0.6871646826389646 0.7154060707573927 0.7394936488143905 0.7606720560106168 0.7790346086617178 0.7948080235142226 0.8082587888716941 0.8208217680367588 0.8328857008517252 0.8447458162315444 0.8566770327052803 0.8694696418952215 0.8840786860320591 0.8986491439741058 0.9222140097174267 0.9332915973027797 0.9393174363900141 0.9493776735617229 0.9759887286053341 0.9959047780891717 0.9998009576285731 1.0 1.0
0.0001492353 0.000267763 0.0002209577 0.0002004737 0.0001761526 0.0001834488 0.0002383216 0.0003792341 0.0006995035 0.001256686 0.002071396 0.003082311 0.004329314 0.005704386 0.007268699 0.009038243 0.01100454 0.01232876 0.01765343 0.02428058 0.03039237 0.03567496 0.04106022 0.04651883 0.05324918 0.06373962 0.07361304 0.08308336 0.09321344 0.1073427 0.1477998 0.1935111 0.2558136 0.3262983 0.3886135 0.4535601 0.518452 0.5806226 0.6720802 0.7532216 0.8200112 0.8718048 0.9104607 0.9383006 0.9999959 0.9999959 0.9999959 0.9999959 0.9999959 0.9999959 0.9999959 0.9999959 0.9999959 0.0
0.0 0.1463071 0.2438452 0.3413834 0.4389214 0.5364595999999999 0.6339975999999999 0.7315358000000001 0.8290739 0.9266119 1.02415 1.121688 1.219226 1.316764 1.414302 1.511841 1.609379 1.706917 1.804455 1.901993 2.0483 2.243376 2.438452 2.633528 2.828605 3.023682 3.218758 3.413834 3.608911 3.803986 4.14537 4.63306 5.12075 5.608441 6.096132 6.583822 7.071512 7.559202 8.046893 8.534584 9.022274 9.509965 9.997656 10.48535 10.97304 11.46073 11.94842 12.43611 12.9238 13.41149 13.89918 14.38687 14.87456 15.36225 15.84994 16.33763 16.82532 17.12445
2.668762531331621e-07 5.893350531209141e-07 1.0632050931171874e-06 4.6559101721331026e-06 3.2864519319118025e-05 0.00022923443065901394 0.0009033089615363382 0.0023872423449243806 0.004749723668134744 0.007971700523250533 0.01220571490060671 0.017877837230583348 0.02527577603532941 0.03468008076200453 0.046364148174810285 0.060658174627551 0.07777330808819297 0.09858600790035069 0.12017926421540658 0.14101304175057972 0.1670399994989439 0.19899510919260596 0.23603239188892153 0.27777916340243086 0.32261696142304824 0.36835817717903674 0.41478794254024814 0.4616612829093917 0.5082940591828002 0.5533263986742212 0.5947133947093609 0.6320324061826 0.6652990935704776 0.6947599751458289 0.7203546302333536 0.7424794766305071 0.7613128296367891 0.7775862252675149 0.7918942758367972 0.8045190393111685 0.815671260960627 0.8255624467068884 0.8353293521897414 0.8451122665148361 0.8550223151452881 0.8652189856525783 0.876437099556079 0.8898024565540331 0.9054380073673508 0.9284544909862994 0.9388897983919055 0.944399876337905 0.9552834824625298 0.9802588967395719 0.9968408548943686 0.9998507147495821 1.0 1.0
1.061467e-05 0.0001262432 6.256627e-05 0.000120415 0.0002435261 0.0002842088 0.0004198539 0.000697193 0.001266102 0.002253057 0.003635856 0.005175062 0.006943939 0.008908889 0.01097757 0.01313126 0.01537781 0.01708943 0.02155644 0.02842663 0.03429987 0.03894165 0.04411636 0.04901201 0.05506643 0.06308687 0.07129527 0.07960561 0.08897261 0.1011349 0.1350939 0.1770786 0.2268651 0.282716 0.3472736 0.4175535 0.4980966 0.5754227 0.6423023 0.7031588 0.7560847 0.8022006 0.8579939 0.900076 0.9306427 0.952365 0.9675508 0.9780334 0.9999983 0.9999983 0.9999983 0.9999983 0.9999983 0.9999983 0.9999983 0.9999983 0.9999983 0.0
0.0 0.1463071 0.2438452 0.3413834 0.4389214 0.5364595999999999 0.6339975999999999 0.7315358000000001 0.8290739 0.9266119 1.02415 1.121688 1.219226 1.316764 1.414302 1.511841 1.609379 1.706917 1.804455 1.901993 2.0483 2.243376 2.438452 2.633528 2.828605 3.023682 3.218758 3.413834 3.608911 3.803986 4.14537 4.63306 5.12075 5.608441 6.096132 6.583822 7.071512 7.559202 8.046893 8.534584 9.022274 9.509965 9.997656 10.48535 10.97304 11.46073 11.94842 12.43611 12.9238 13.41149 13.89918 14.38687 14.87456 15.36225 15.84994 16.33763 16.82532 17.31301 17.8007 18.28839 18.77608 19.02717
1.253812763938948e-08 2.7276984976383995e-08 2.869044085091941e-07 1.0343916348869694e-05 0.0001352635572189915 0.000676915237526926 0.0020817028453111747 0.004324941063489231 0.00738131404026824 0.011337210037858357 0.016321765502315403 0.022489182720636786 0.029947717392800853 0.03890557281450783 0.04948879918304072 0.061813429571988814 0.07626892013732996 0.09308806469467497 0.11024665989981532 0.128977482890726 0.15226215506862062 0.18042756979394511 0.21314804203640256 0.25003679265874296 0.29029174412460734 0.33215090407004727 0.37540418326971015 0.4196800702717092 0.4641389091396374 0.5078255516079296 0.5496833096233625 0.5885583280315045 0.6239761536628035 0.6556850299293377 0.6835120821715867 0.7076873537520042 0.7287259437965634 0.747116431588603 0.7633175620057379 0.7777808933653332 0.7907608125430378 0.8025788154687701 0.8134030636468841 0.8232896576431649 0.8322510312416039 0.8404431024244933 0.8486975695064852 0.8570537098932793 0.8655509545352899 0.8743463429588146 0.8841428863176382 0.8965583851365476 0.9130623791662207 0.9348602211233502 0.9443979882304309 0.9494991876094089 0.9609772325222004 0.9839965994600334 0.9976127345025404 0.9998920447135945 1.0 1.0
0.0007086382 4.613413e-05 2.22072e-05 3.668106e-05 5.222098e-05 9.996766e-05 0.0001971755 0.0004532689 0.0009666568 0.001822592 0.00307973 0.004765057 0.006911241 0.009419444 0.01230771 0.01550971 0.01859585 0.02167859 0.02790044 0.03255957 0.0394296 0.0457365 0.05190504 0.05789191 0.06429046 0.07245629 0.0801938 0.08815857 0.09720077 0.1082669 0.136559 0.1719138 0.2137826 0.2626769 0.3203329 0.3855102 0.4551735 0.5273296 0.6002114 0.6693224 0.7364479 0.791388 0.8347842 0.8698847 0.8976681 0.9209788 0.9453765 0.9625894 0.9745617 0.9827697 0.9883685 0.9921799 0.9999986 0.9999986 0.9999986 0.9999986 0.9999986 0.9999986 0.9999986 0.9999986 0.9999986 0.0
0.0 0.1463071 0.2438452 0.3413834 0.4389214 0.5364595999999999 0.6339975999999999 0.7315358000000001 0.8290739 0.9266119 1.02415 1.121688 1.219226 1.316764 1.414302 1.511841 1.609379 1.706917 1.804455 1.901993 2.0483 2.243376 2.438452 2.633528 2.828605 3.023682 3.218758 3.413834 3.608911 3.803986 4.14537 4.63306 5.12075 5.608441 6.096132 6.583822 7.071512 7.559202 8.046893 8.534584 9.022274 9.509965 9.997656 10.48535 10.97304 11.46073 11.94842 12.43611 12.9238 13.41149 13.89918 14.38687 14.87456 15.36225 15.84994 16.33763 16.82532 17.31301 17.8007 18.28839 18.77608 19.26377 19.75146 20.23916 20.72685 20.92989
2.852205951139239e-06 5.779114286675179e-06 9.20813103574004e-06 1.843616709553563e-05 0.0001417947937394795 0.0007980242958792 0.002383753520998409 0.004984364986148823 0.008426428725771101 0.012989329315741373 0.018917052170247733 0.026127525027919634 0.03492443499358304 0.045264981247445234 0.057189398701155976 0.07079785478837428 0.08628488682907565 0.10318681481499602 0.12134916572331779 0.14146936476159658 0.16555882966486538 0.19378331743008279 0.22581684398009852 0.26123671358390976 0.29915073288261407 0.33847586784465783 0.3786520011292647 0.41915143214912 0.4596215910747759 0.49941544753605044 0.5377833348370431 0.5741879511435419 0.6080801854221892 0.6389478663498162 0.6665125477302518 0.6907900498758927 0.7120314102665923 0.73063745586995 0.747066413721253 0.7617421403991256 0.7750572700301734 0.7872897035132695 0.798638574723524 0.8092454067092808 0.8191790072915106 0.8284893765524879 0.837170576438818 0.8451859817062386 0.8524877132447863 0.8592597704205249 0.8660926901345226 0.8729991982206464 0.8800048165996559 0.8872989675021515 0.8955141221950064 0.906491214391254 0.9233445507008036 0.942772275697174 0.9510544986122583 0.9557281882243541 0.967245910910097 0.9875468040768317 0.9982767661996286 0.9999262119085569 1.0 1.0
0.0001911763 0.0001447975 1.144877e-05 5.38345e-05 4.87157e-05 7.450664e-05 0.0001573408 0.0003532009 0.0007777942 0.001432889 0.002359031 0.003724443 0.005380305 0.007511158 0.01007187 0.01299926 0.01610527 0.02006832 0.02456379 0.02831491 0.03565719 0.04294163 0.05016277 0.05736105 0.06516278 0.07410762 0.08343349 0.09327248 0.1036211 0.1156594 0.1445797 0.1782241 0.2161513 0.2601261 0.3103756 0.366872 0.4288755 0.4951194 0.5634415 0.6316332 0.6960164 0.7537575 0.8048408 0.8482041 0.8844652 0.9119094 0.9325141 0.9481991 0.9599867 0.9699761 0.9795852 0.9861783 0.9906743 0.9937261 0.9957899 0.9970214 0.9970214 0.9970214 0.9970214 0.9970214 0.9970214 0.9970214 0.9970214 0.9970214 0.9970214 0.0
0.0 0.1463071 0.2438452 0.3413834 0.4389214 0.5364595999999999 0.6339975999999999 0.7315358000000001 0.8290739 0.9266119 1.02415 1.121688 1.219226 1.316764 1.414302 1.511841 1.609379 1.706917 1.804455 1.901993 2.0483 2.243376 2.438452 2.633528 2.828605 3.023682 3.218758 3.413834 3.608911 3.803986 4.14537 4.63306 5.12075 5.608441 6.096132 6.583822 7.071512 7.559202 8.046893 8.534584 9.022274 9.509965 9.997656 10.48535 10.97304 11.46073 11.94842 12.43611 12.9238 13.41149 13.89918 14.38687 14.87456 15.36225 15.84994 16.33763 16.82532 17.31301 17.8007 18.28839 18.77608 19.26377 19.75146 20.23916 20.72685 21.21454 21.70223 22.18992 22.67761 22.83261
1.047343424336763e-05 2.1435481257525768e-05 3.2972149263481995e-05 5.2136818471676735e-05 0.00016046750153043922 0.0007363920659354299 0.0021305053051821035 0.0043521185002101115 0.007428979221147094 0.011586723546523143 0.017035219941404115 0.023961783417218167 0.03250657576837193 0.04273650722152886 0.05468822037217528 0.06839103803873993 0.08396315932213372 0.10115320687180189 0.11993128627441461 0.1407231987457724 0.16536212982959797 0.19393868404236866 0.22611128635812908 0.26136514159729335 0.2988062215373035 0.3374749192088257 0.3767288964358908 0.4160655195610157 0.45505965647066626 0.49315191749599846 0.5296570275969985 0.5641701967139674 0.5963287579690972 0.6257497226046835 0.6522919335787268 0.6759805679654612 0.6969354993026255 0.7154729809620545 0.7319376308719714 0.7466731994812789 0.760017018564372 0.7722452558789006 0.783573799456704 0.7941882764230906 0.8042308222560375 0.8137688380813585 0.82285961115744 0.8315255412797611 0.8397581890177226 0.8475379722024757 0.8548194019668582 0.8615499790003615 0.8676768307746295 0.8734184780203701 0.8792002007933267 0.8850297055376962 0.8909333528653901 0.8971392427651947 0.9041998385206813 0.9141596644844637 0.9315484858421665 0.9489303841769197 0.9562038048880402 0.9606575882996881 0.9722305290456064 0.990231689933937 0.9987508546595818 0.9999497756371979 1.0 1.0
0.001294497 0.0001402996 6.199207e-05 4.152564e-05 5.485662e-05 7.733686e-05 0.0001619365 0.000374918 0.0007900686 0.001432539 0.002342307 0.003548399 0.005086481 0.006993917 0.009298288 0.01197799 0.01490913 0.01841857 0.02226817 0.0257347 0.03281112 0.04014646 0.04765904 0.05530709 0.06362605 0.07295664 0.0829543 0.09360866 0.1050108 0.118168 0.1476118 0.182476 0.2211941 0.2647357 0.3132218 0.3656405 0.4220504 0.4819866 0.5438238 0.6061224 0.6667032 0.7232387 0.7752071 0.8207974 0.8592377 0.8911117 0.9167108 0.9371543 0.9533035 0.9648686 0.9735109 0.9798841 0.9846115 0.9887215 0.9923759 0.9948733 0.996554 0.9976873 0.9984547 0.9987751 0.9987751 0.9987751 0.9987751 0.9987751 0.9987751 0.9987751 0.9987751 0.9987751 0.9987751 0.0
0.0 0.1463071 0.2438452 0.3413834 0.4389214 0.5364595999999999 0.6339975999999999 0.7315358000000001 0.8290739 0.9266119 1.02415 1.121688 1.219226 1.316764 1.414302 1.511841 1.609379 1.706917 1.804455 1.901993 2.0483 2.243376 2.438452 2.633528 2.828605 3.023682 3.218758 3.413834 3.608911 3.803986 4.14537 4.63306 5.12075 5.608441 6.096132 6.583822 7.071512 7.559202 8.046893 8.534584 9.022274 9.509965 9.997656 10.48535 10.97304 11.46073 11.94842 12.43611 12.9238 13.41149 13.89918 14.38687 14.87456 15.36225 15.84994 16.33763 16.82532 17.31301 17.8007 18.28839 18.77608 19.26377 19.75146 20.23916 20.72685 21.21454 21.70223 22.18992 22.67761 23.1653 23.65299 24.14068 24.62837 24.73532
9.769995334824835e-06 2.0212087205310443e-05 3.1461440135234996e-05 5.210001004126787e-05 0.0001429347404986789 0.000586228571596336 0.001686203892742086 0.003463022574478258 0.005987045716361598 0.009498909926557024 0.014233264441873929 0.02037012352185097 0.028089231370453254 0.03746492847575878 0.04865086620384699 0.061566902999445866 0.07627101876867079 0.09272936426735252 0.1110762254840489 0.1314192862241099 0.15561753726898286 0.18361222273008151 0.21512042691906674 0.24960105418242823 0.2862207608781163 0.32408419313491243 0.36253918383479944 0.4011012737893645 0.4393536886248333 0.4765896689762303 0.5122633949267202 0.5459502707461706 0.5773296857739686 0.6061819720207874 0.6322869589888277 0.6556494564020389 0.6764547258023064 0.695000429963341 0.7116119995249794 0.7266093785549631 0.7402488395373237 0.7527724103791934 0.7643706477627549 0.7752056568190672 0.7854052661318977 0.7950694783056624 0.8042814465280422 0.8131068455797865 0.82159816537649 0.8297668166207415 0.8376252287057747 0.8451672894877225 0.8523678906350938 0.8591902259661102 0.8655834908486929 0.8714930144121089 0.8768670519574098 0.8819536546565456 0.8870609969400456 0.8921939261345341 0.8974021563945203 0.9030386913757442 0.9082933506838325 0.9172973282566232 0.9372502304798179 0.953159860655705 0.9596947508852814 0.9641393220964709 0.9759364229349203 0.992184128504652 0.9990791908271549 0.9999654445092295 1.0 1.0
0.0002734864 0.0001053801 5.100852e-05 3.250478e-05 6.239992e-05 9.341748e-05 0.00018952 0.0004336236 0.0008938979 0.001581242 0.002520708 0.003759708 0.005298888 0.007208109 0.009400387 0.01205745 0.01502122 0.01835361 0.02178182 0.02519239 0.03209743 0.03966792 0.04743428 0.05548491 0.0642252 0.07393605 0.08443778 0.09561756 0.1075402 0.1217063 0.1513969 0.1872031 0.2259827 0.2684301 0.3159402 0.3672131 0.4225477 0.4797927 0.5387781 0.5971413 0.6532267 0.7067732 0.7558762 0.8000093 0.8387586 0.8717219 0.8995374 0.922447 0.9406422 0.9550497 0.9662635 0.9749377 0.9815549 0.986239 0.9896855 0.992241 0.9940788 0.9957281 0.9971312 0.9980689 0.9987057 0.9991326 0.999229 0.9993765 0.9993765 0.9993765 0.9993765 0.9993765 0.9993765 0.9993765 0.9993765 0.9993765 0.9993765 0.0
0.0 0.1463071 0.2438452 0.3413834 0.4389214 0.5364595999999999 0.6339975999999999 0.7315358000000001 0.8290739 0.9266119 1.02415 1.121688 1.219226 1.316764 1.414302 1.511841 1.609379 1.706917 1.804455 1.901993 2.0483 2.243376 2.438452 2.633528 2.828605 3.023682 3.218758 3.413834 3.608911 3.803986 4.14537 4.63306 5.12075 5.608441 6.096132 6.583822 7.071512 7.559202 8.046893 8.534584 9.022274 9.509965 9.997656 10.48535 10.97304 11.46073 11.94842 12.43611 12.9238 13.41149 13.89918 14.38687 14.87456 15.36225 15.84994 16.33763 16.82532 17.31301 17.8007 18.28839 18.77608 19.26377 19.99531 20.97069 21.70223 22.18992 22.67761 23.1653 23.65299 24.14068 24.62837 25.11606 25.60375 26.09144 26.57913 26.63804
4.407227758261871e-06 9.217561636570865e-06 1.4516298495003433e-05 2.4066232270094606e-05 0.00011503027355840481 0.00047172136142039516 0.0014087262341060313 0.0028633342451615867 0.005010868700453916 0.008013429247947491 0.01214175143607844 0.017496017643518196 0.02430221694683972 0.03277516414607266 0.04288202400512642 0.05479605599141382 0.06839017871439518 0.08384899164570019 0.1012362153127551 0.12070291225307692 0.1441127747828271 0.17131179605369243 0.2020676364456936 0.2356777269848888 0.27152853677149047 0.30865671904801756 0.3464544411257565 0.38443114909094817 0.42219033066928097 0.4590459085533934 0.49439583289254324 0.5277222681770055 0.5588716589019184 0.587612028637736 0.61374046676796 0.6371925757499871 0.6581712168346255 0.6769859798944615 0.6939510528634919 0.7093475662940184 0.7234506281241629 0.7364814495369304 0.7486246652651578 0.7600165951356561 0.7707430719788502 0.7808972100644399 0.7905487525340315 0.7997565750251897 0.808573244945522 0.8170415658743778 0.8252046587419714 0.8331002918272722 0.8407542445988219 0.8481683400610297 0.8553444823190813 0.862267836983132 0.8689050116900185 0.8752086576907904 0.881120389478662 0.8865795471989869 0.8915304463534467 0.8962485333877516 0.900945897410619 0.9060526793096121 0.9108881156412856 0.920521301126439 0.9410149348852017 0.9558399311442504 0.9618370832064235 0.9664636568298328 0.9786810409811626 0.9936185910134084 0.9993090869354297 0.9999759063345107 0.9999999999999999 0.9999999999999999
8.037889e-05 0.0001315264 0.0001181633 7.786659e-05 5.645109e-05 0.0001105718 0.0002114733 0.0005035604 0.001003212 0.001767482 0.002770497 0.004137103 0.005791633 0.00771267 0.01009796 0.01274293 0.01590459 0.0192005 0.02261358 0.02599478 0.03282815 0.04059111 0.04862456 0.05730421 0.06641589 0.07670507 0.08763373 0.09922595 0.1117522 0.1263314 0.1565041 0.1937344 0.2331205 0.2761495 0.3222516 0.3730547 0.4267123 0.4817789 0.5379025 0.5936479 0.6479207 0.6995281 0.7471414 0.7895561 0.8268868 0.8593024 0.8870313 0.9103379 0.9296334 0.9453013 0.9579233 0.9680055 0.9758598 0.981941 0.9866012 0.9901108 0.9927357 0.9946097 0.9959787 0.9969785 0.9977067 0.9983658 0.9992611 0.9996682 0.999692 0.9997317 0.9997317 0.9997317 0.9997317 0.9997317 0.9997317 0.9997317 0.9997317 0.9997317 0.9997317 0.0
0.0 0.1463071 0.2438452 0.3413834 0.4389214 0.5364595999999999 0.6339975999999999 0.7315358000000001 0.8290739 0.9266119 1.02415 1.121688 1.219226 1.316764 1.414302 1.511841 1.609379 1.706917 1.804455 1.901993 2.0483 2.243376 2.438452 2.633528 2.828605 3.023682 3.218758 3.413834 3.608911 3.803986 4.14537 4.63306 5.12075 5.608441 6.096132 6.583822 7.071512 7.559202 8.046893 8.534584 9.022274 9.509965 9.997656 10.48535 10.97304 11.46073 11.94842 12.43611 12.9238 13.41149 13.89918 14.38687 14.87456 15.36225 15.84994 16.33763 16.82532 17.31301 17.8007 18.28839 18.77608 19.26377 19.99531 20.97069 21.94607 22.92145 23.65299 24.14068 24.62837 25.11606 25.60375 26.09144 26.57913 27.06682 27.55451 28.0422 28.52989 28.54076
9.905308662130244e-07 2.0949222113395974e-06 3.4132348978400767e-06 1.2556563156607154e-05 6.909024100162362e-05 0.0003710628129054921 0.0011945768447837576 0.0024510783096409073 0.004324054446147383 0.006970645521597216 0.010568129856801892 0.015306604535718476 0.021392511893250317 0.028963571592255075 0.03809590890947059 0.048834306201586096 0.06147289212458851 0.0759166265043131 0.09211685232245118 0.1104961259863204 0.1327461538644207 0.15875581866550154 0.18831265795833868 0.220927980500949 0.2557164606759929 0.29199409882860644 0.329150066378565 0.3664603291391167 0.40365606199564874 0.44022962970331175 0.4752929125225842 0.508427516123982 0.5394341337348872 0.5680143472851823 0.5940497340183286 0.6175008451494058 0.6385661033733101 0.6575610880548626 0.6747652259649756 0.6904616657326241 0.7049067862588999 0.7183197733315274 0.7308761400264187 0.7427106117843537 0.753926167288092 0.7646005508044381 0.7747948510125019 0.7845377440464477 0.793857785980502 0.8027897323474824 0.8113657846778995 0.8196178134278912 0.8275787004676138 0.8352820807704684 0.8427625643420756 0.850053760688577 0.8571752723234051 0.864127768671666 0.8709064364213196 0.8774864777380016 0.8838225317944144 0.8898531933897944 0.8950598035941214 0.899544424268814 0.9039063182201172 0.9086596257585856 0.9132731726152586 0.923703936327508 0.9444443742095833 0.9581457234230174 0.9636464804742308 0.9685457117712863 0.9811235073459322 0.9948023762456136 0.9994839206850734 0.9999833252754798 1.0 1.0
0.0002057519 0.0002112192 0.0001027097 4.098539e-05 8.782035e-05 0.0001260159 0.0002306586 0.0005600458 0.001103714 0.001920938 0.003057199 0.00451151 0.006260796 0.008371828 0.01086911 0.013789 0.01674877 0.02015765 0.02382426 0.02720272 0.03421443 0.04224606 0.05061409 0.05948315 0.06939037 0.08001672 0.09129673 0.1036642 0.1164432 0.130865 0.161676 0.1993012 0.2388114 0.2818245 0.3280981 0.3787226 0.4320261 0.4863087 0.5402837 0.5937781 0.6457119 0.6948569 0.7403786 0.7817584 0.8185912 0.8508559 0.8786037 0.9019192 0.9213848 0.937539 0.9507996 0.961576 0.9702465 0.9771631 0.9826265 0.9869011 0.9901851 0.9926937 0.9945993 0.9960384 0.9970937 0.997848 0.9987932 0.9993559 0.9997091 0.999869 0.9998724 0.9998786 0.9998786 0.9998786 0.9998786 0.9998786 0.9998786 0.9998786 0.9998786 0.9998786 0.9998786 0.0
0.0 0.1463071 0.2438452 0.3413834 0.4389214 0.5364595999999999 0.6339975999999999 0.7315358000000001 0.8290739 0.9266119 1.02415 1.121688 1.219226 1.316764 1.414302 1.511841 1.609379 1.706917 1.804455 1.901993 2.0483 2.243376 2.438452 2.633528 2.828605 3.023682 3.218758 3.413834 3.608911 3.803986 4.14537 4.63306 5.12075 5.608441 6.096132 6.583822 7.071512 7.559202 8.046893 8.534584 9.022274 9.509965 9.997656 10.48535 10.97304 11.46073 11.94842 12.43611 12.9238 13.41149 13.89918 14.38687 14.87456 15.36225 15.84994 16.33763 16.82532 17.31301 17.8007 18.28839 18.77608 19.26377 19.99531 20.97069 21.94607 22.92145 23.89684 24.87222 25.8476 26.82298 27.79836 28.52989 29.01759 29.50528 29.99297 30.48066 30.96835 31.45604 31.94373 32.43142 32.91911 33.29755
2.4976453062621213e-09 7.796073448268708e-09 2.092347248223494e-07 5.572022370464871e-06 7.7042494672144e-05 0.00047610361636384545 0.0013565424019865617 0.002953216340052494 0.005235760469328416 0.008309688685154392 0.01229608685680627 0.01735760297183618 0.023537566222294148 0.031111228898835795 0.0400647957998379 0.04996591770277398 0.06090511301019603 0.07339837502286405 0.0873944295057234 0.10340507223193111 0.1229388061713381 0.14611221551943962 0.17266650058684108 0.2021629770654562 0.23396072671564097 0.2673531915869908 0.30176093441717466 0.33679419420735 0.3720057015028636 0.40689432504384915 0.4406807329239825 0.47301764374447003 0.503318904974699 0.5313595182727843 0.5568942037124517 0.5799744294995324 0.6007335117487009 0.6194908155845997 0.6365520583480385 0.6521868865742324 0.6666332985265067 0.6801384905624067 0.6928702745594962 0.7049588708588569 0.7165355705202568 0.7276798860443906 0.7384561924525561 0.748901216171572 0.7590398979638783 0.7688900715026642 0.7784682592186704 0.7878011437319093 0.7968917936600652 0.80574018960606 0.8143554094022332 0.8227313584867877 0.8308653910983325 0.838738055847402 0.8463523941957715 0.8537179611438902 0.8608457703524469 0.8677559443497934 0.8743072685312371 0.8806245863679358 0.8867772230154033 0.8927149478013625 0.8981959179616985 0.9028738917809798 0.9068565385578146 0.9105279937505859 0.9146125294968898 0.9192521591730765 0.9319387014262599 0.9519029922982186 0.9627589508660377 0.9672579168145369 0.9731794334024135 0.9862693107293775 0.9969592535890233 0.9997645078391072 1.0 1.0
0.001178581 0.0001462789 8.898591e-05 8.175218e-05 7.359067e-05 9.460279e-05 0.0002076324 0.000412629 0.0008383747 0.001537441 0.00257588 0.003945444 0.005791902 0.007904283 0.01051996 0.01428855 0.01857988 0.02251868 0.026438 0.03048692 0.0382296 0.04698323 0.05668183 0.06692803 0.07815766 0.09015948 0.1029514 0.1163041 0.1301951 0.1447493 0.1758398 0.2137253 0.2540307 0.2963991 0.3427282 0.3926111 0.4454782 0.498173 0.5513809 0.6026199 0.6517866 0.6982031 0.7406709 0.779151 0.8136808 0.8438369 0.8701528 0.8927564 0.9115897 0.9276583 0.9411685 0.952343 0.9616416 0.9693605 0.9755754 0.98067 0.9848166 0.9880438 0.9906507 0.9927467 0.9943803 0.9956809 0.9974937 0.9985881 0.9992182 0.9995801 0.9997723 0.9998717 0.9999338 0.9999701 0.9999865 0.9999904 1.0 1.0 1.0 1.0 1.0 1.0 1.0 1.0 1.0 0.0
0.0 0.1463071 0.2438452 0.3413834 0.4389214 0.5364595999999999 0.6339975999999999 0.7315358000000001 0.8290739 0.9266119 1.02415 1.121688 1.219226 1.316764 1.414302 1.511841 1.609379 1.706917 1.804455 1.901993 2.0483 2.243376 2.438452 2.633528 2.828605 3.023682 3.218758 3.413834 3.608911 3.803986 4.14537 4.63306 5.12075 5.608441 6.096132 6.583822 7.071512 7.559202 8.046893 8.534584 9.022274 9.509965 9.997656 10.48535 10.97304 11.46073 11.94842 12.43611 12.9238 13.41149 13.89918 14.38687 14.87456 15.36225 15.84994 16.33763 16.82532 17.31301 17.8007 18.28839 18.77608 19.26377 19.99531 20.97069 21.94607 22.92145 23.89684 24.87222 25.8476 26.82298 27.79836 28.77374 29.74912 30.7245 31.69988 32.67526 33.4068 33.89449 34.38218 34.86987 35.35756 35.84525 36.33294 36.82063 37.30832 37.79601 38.05434
6.140698988389859e-06 1.2545149539602046e-05 1.934863352481374e-05 3.011251833172388e-05 0.00013914906535421982 0.0005890394267247308 0.0017202050437492096 0.003668603796244276 0.006687867954695656 0.01086800965227511 0.016140524409459258 0.022707032704573915 0.030539255978232316 0.03948374387572892 0.04955238565392934 0.06051611175815811 0.07210923516517292 0.08463092676419821 0.09866709009529026 0.11436647911644192 0.13329105847255146 0.1555603218069395 0.18092733963306334 0.2089715640510956 0.2392072666245807 0.2708683055645381 0.30340315078739744 0.33648198861753337 0.36976745187436894 0.40275504256325556 0.43481841283353895 0.465430111652712 0.4942011555551672 0.5208475407690498 0.5451582420011155 0.5671428644245045 0.5869600717148464 0.6049047310667673 0.6212235235226151 0.6361977680540759 0.6500431583009557 0.6629779244381454 0.6751470096102642 0.6867027020943327 0.6977488996497078 0.7083593781807211 0.7186152146452972 0.7285625956206631 0.7382304287910212 0.7476438390773515 0.7568490651500186 0.7658660666950514 0.7747376081712534 0.7834888024781109 0.7921371448955283 0.8007077282871697 0.8092082985018797 0.8176292022805447 0.8259514576852572 0.8341810954984853 0.842299506448613 0.8502982955261583 0.8580097749211938 0.86530733426637 0.8720781678758012 0.8783147502946864 0.8840849909386316 0.8895042400429355 0.8947197689147519 0.8998152952333652 0.9047471529279748 0.9092820769427468 0.9131040438577268 0.9163675683304936 0.919323902375861 0.9228104712308655 0.928052150857756 0.9422614397209079 0.959438939464083 0.9675089839395333 0.9712970718821186 0.9782959091404866 0.990701360913709 0.9983557422227728 0.9998985922926206 1.0 1.0
0.00126269 0.0003498111 0.000339041 0.0002005642 6.625485e-05 9.653062e-05 0.000166506 0.0003360289 0.0006074855 0.001073866 0.001831063 0.002873483 0.004294702 0.006321603 0.008881296 0.01227096 0.01671593 0.02137835 0.02510421 0.02986095 0.03816549 0.04760641 0.05838699 0.06993493 0.08227173 0.09596156 0.1105932 0.1254343 0.1407839 0.1563113 0.1881493 0.2279461 0.2684376 0.3109729 0.3565631 0.4057823 0.4571368 0.5088987 0.5607033 0.6107761 0.6585506 0.7034618 0.7444444 0.7818256 0.8149361 0.8442348 0.8695033 0.8914387 0.9097627 0.9253162 0.9384624 0.9494025 0.9586666 0.9662511 0.9726262 0.9777968 0.9820958 0.9855561 0.9883627 0.9906705 0.9925231 0.994072 0.9962632 0.9976875 0.9985859 0.999149 0.9994985 0.9997116 0.9998387 0.9999118 0.9999527 0.9999743 0.9999855 0.9999927 0.9999967 0.9999986 0.9999988 1.0 1.0 1.0 1.0 1.0 1.0 1.0 1.0 1.0 0.0
0.0 0.1463071 0.2438452 0.3413834 0.4389214 0.5364595999999999 0.6339975999999999 0.7315358000000001 0.8290739 0.9266119 1.02415 1.121688 1.219226 1.316764 1.414302 1.511841 1.609379 1.706917 1.804455 1.901993 2.0483 2.243376 2.438452 2.633528 2.828605 3.023682 3.218758 3.413834 3.608911 3.803986 4.14537 4.63306 5.12075 5.608441 6.096132 6.583822 7.071512 7.559202 8.046893 8.534584 9.022274 9.509965 9.997656 10.48535 10.97304 11.46073 11.94842 12.43611 12.9238 13.41149 13.89918 14.38687 14.87456 15.36225 15.84994 16.33763 16.82532 17.31301 17.8007 18.28839 18.77608 19.26377 19.99531 20.97069 21.94607 22.92145 23.89684 24.87222 25.8476 26.82298 27.79836 28.77374 29.74912 30.7245 31.69988 32.67526 33.65065 34.62603 35.60141 36.57679 37.55217 38.28371 38.7714 39.25909 39.74678 40.23447 40.72216 41.20985 41.69754 42.18523 42.67292 42.81114
1.8838554164438924e-06 3.943965764900203e-06 6.519280583389296e-06 2.2375819000231896e-05 0.0001298117825466137 0.0005479265791394832 0.0014197085923406487 0.003186931389438832 0.006169675182941972 0.010215549791169013 0.01534525491151542 0.021868789058109576 0.029772679823084125 0.03835872322730426 0.04752891566736195 0.05759160279640793 0.06864012855658351 0.08078596895916411 0.09423460125030575 0.10930210787922473 0.1275093135279328 0.1490326992036521 0.17366056221880372 0.20109842286643226 0.230601338211085 0.2615308258081914 0.2934962109490657 0.32602866388771073 0.35886431298861876 0.391440226793041 0.42304268167735415 0.45327442581890104 0.4816228043736251 0.5077753227896196 0.5316120565412908 0.5531103729882004 0.5724934711609987 0.5900246323877012 0.6059717181126095 0.6206125454624078 0.6341590808790866 0.6468143357143847 0.6587353024551319 0.6700591752609969 0.6808622921944574 0.6912381353547273 0.7012458485286128 0.7109452872211729 0.7203503550578044 0.7295013645976607 0.7384255369706215 0.7471363487711323 0.7556706795644209 0.7640561816978969 0.7723127832826383 0.78045201415434 0.7885063747176865 0.7964893834329025 0.8043928848461271 0.8122267885873854 0.8200161806317992 0.8277663988662644 0.8355159514348341 0.8432748358856714 0.8510030369066578 0.8586129252345641 0.8660330276104992 0.8731319775913116 0.8797501242131681 0.8857627744381817 0.8912016122883349 0.8961692507893669 0.9008070162533907 0.905272859893588 0.9096577476758203 0.9139087277620808 0.9177936426822054 0.9210211719209659 0.9237857020608505 0.9262679609737617 0.9293637218578864 0.9357594648989047 0.9506147999435136 0.9646837574906237 0.9709071935426434 0.9746301431586404 0.9827561988695097 0.9939218315883137 0.9991482885252588 0.9999584780222065 1.0 1.0
0.002175448 0.0002227408 0.0002949058 9.367691e-05 9.076248e-05 0.0001229378 0.0002430154 0.0003938668 0.000634151 0.001101736 0.00186174 0.002819721 0.0041571 0.006397727 0.009478854 0.0130583 0.01718932 0.02127685 0.02575843 0.0306579 0.03928648 0.04903482 0.06023728 0.07220215 0.085672 0.100324 0.1153802 0.1312137 0.1470175 0.1631802 0.196292 0.2368146 0.278113 0.3208887 0.3666979 0.4161466 0.4673759 0.5185086 0.5699561 0.6196301 0.6661656 0.7103018 0.7504293 0.7865281 0.8185813 0.8470107 0.8716343 0.8927519 0.9106509 0.9259171 0.9387081 0.9493523 0.9583358 0.9658492 0.9720556 0.9771336 0.9813687 0.9848616 0.9876557 0.9899386 0.9918336 0.993434 0.9956779 0.9972139 0.9982017 0.9988534 0.9992732 0.9995486 0.9997223 0.9998317 0.9998993 0.9999412 0.9999663 0.9999812 0.9999897 0.9999945 0.999997 0.9999983 0.9999992 0.9999996 0.9999998 0.9999999 1.0 1.0 1.0 1.0 1.0 1.0 1.0 1.0 1.0 0.0
0.0 0.1463071 0.2438452 0.3413834 0.4389214 0.5364595999999999 0.6339975999999999 0.7315358000000001 0.8290739 0.9266119 1.02415 1.121688 1.219226 1.316764 1.414302 1.511841 1.609379 1.706917 1.804455 1.901993 2.0483 2.243376 2.438452 2.633528 2.828605 3.023682 3.218758 3.413834 3.608911 3.803986 4.14537 4.63306 5.12075 5.608441 6.096132 6.583822 7.071512 7.559202 8.046893 8.534584 9.022274 9.509965 9.997656 10.48535 10.97304 11.46073 11.94842 12.43611 12.9238 13.41149 13.89918 14.38687 14.87456 15.36225 15.84994 16.33763 16.82532 17.31301 17.8007 18.28839 18.77608 19.26377 19.99531 20.97069 21.94607 22.92145 23.89684 24.87222 25.8476 26.82298 27.79836 28.77374 29.74912 30.7245 31.69988 32.67526 33.65065 34.62603 35.60141 36.57679 37.55217 38.52755 39.99062 41.94138 43.16061 43.6483 44.13599 44.62368 45.11137 45.59906 46.08675 46.57444 47.06213 47.54982 47.56793
2.864814689032301e-08 8.998184201712157e-08 2.661434234522374e-07 1.753254378976417e-05 0.00012336584705104146 0.0004599326471305956 0.0012098049304066446 0.002977236347333332 0.005822555416369258 0.009611920241943796 0.014458414510329273 0.020759910746598664 0.028423797216944175 0.03689865585285885 0.045967294198345034 0.055768693223947854 0.06639144395680231 0.07805738888757982 0.09097907480793758 0.10536443343752581 0.1227934233150855 0.1434653360112537 0.16732541998994693 0.19393704835816655 0.22274126422239404 0.2531077649973356 0.2845336826475583 0.316632465559473 0.34912926346932754 0.38148790640163827 0.41309189328379897 0.4432706882417879 0.471617701683652 0.49773411447011695 0.5214863910659793 0.5428406133141872 0.5620415373631138 0.5793813942922043 0.5950845613854673 0.609477690467734 0.6227656627659833 0.6351631577945424 0.6468316549999904 0.6579030991161954 0.6684846550869871 0.6786597350944926 0.6884755343684508 0.6979965196959597 0.7072534188907327 0.71627686361915 0.7250938494302527 0.7337259002157401 0.7421968648846489 0.7505234992950044 0.7587059564084735 0.7667694880110947 0.7747275503592219 0.7825863405855311 0.7903371879486758 0.7979918836080073 0.8055552436708664 0.8130116179735623 0.820340487801064 0.8275426660353725 0.8346343578725127 0.8416162581954856 0.8485496609293847 0.8554837672869514 0.8624560965799098 0.8694057788055002 0.8762745049763007 0.8829777047718489 0.8893713975602588 0.8952728597045853 0.9005788726720043 0.9053438689642656 0.9096932758371269 0.9138010146391532 0.9178504234761574 0.921945761894365 0.9259988986257081 0.9297166201398067 0.9322818104564824 0.9343598183011156 0.9424802516438237 0.9581061075403021 0.9694396230655731 0.9739454411094394 0.977849663539589 0.9868195367219246 0.9962350047212727 0.9995846646280772 0.9999838189719187 1.0 1.0
0.001128868 0.0004891762 0.001655443 0.0001419451 0.0001467573 0.0002081533 0.0003373796 0.0004401829 0.0007213266 0.001246885 0.002014486 0.002934609 0.004287756 0.006470155 0.009558754 0.01332198 0.01760905 0.02182482 0.02660243 0.03199597 0.04104054 0.05134734 0.06267254 0.07539383 0.08923676 0.1045706 0.1205651 0.1370228 0.1529903 0.1694882 0.2025986 0.2436549 0.2844031 0.3272773 0.372702 0.4221652 0.4731682 0.5243886 0.5760662 0.6251847 0.6723251 0.7159657 0.7558443 0.7916488 0.8235051 0.8514008 0.875322 0.8960556 0.9135542 0.9283938 0.9407886 0.9511876 0.95983 0.9670302 0.9729425 0.9778694 0.981929 0.9852552 0.9879554 0.9901642 0.991981 0.9935414 0.9956797 0.9971653 0.9981402 0.9987782 0.9992042 0.9994864 0.9996706 0.9997886 0.9998658 0.999916 0.999948 0.9999682 0.9999807 0.9999887 0.9999934 0.9999962 0.9999979 0.9999989 0.9999994 0.9999997 0.9999999 1.0 1.0 1.0 1.0 1.0 1.0 1.0 1.0 1.0 1.0 1.0 0.0
0.0 0.1463071 0.2438452 0.3413834 0.4389214 0.5364595999999999 0.6339975999999999 0.7315358000000001 0.8290739 0.9266119 1.02415 1.121688 1.219226 1.316764 1.414302 1.511841 1.609379 1.706917 1.804455 1.901993 2.0483 2.243376 2.438452 2.633528 2.828605 3.023682 3.218758 3.413834 3.608911 3.803986 4.14537 4.63306 5.12075 5.608441 6.096132 6.583822 7.071512 7.559202 8.046893 8.534584 9.022274 9.509965 9.997656 10.48535 10.97304 11.46073 11.94842 12.43611 12.9238 13.41149 13.89918 14.38687 14.87456 15.36225 15.84994 16.33763 16.82532 17.31301 17.8007 18.28839 18.77608 19.26377 19.99531 20.97069 21.94607 22.92145 23.89684 24.87222 25.8476 26.82298 27.79836 28.77374 29.74912 30.7245 31.69988 32.67526 33.65065 34.62603 35.60141 36.57679 37.55217 38.52755 39.99062 41.94138 43.89215 45.84291 47.06213 47.54982 48.03751 48.5252 49.0129 49.50059 49.98828 50.47597 50.96366 51.45135 51.93904 52.32472
4.164586330048965e-10 7.4520467998754e-09 4.999205318170455e-07 2.7057428241988215e-05 0.00016338022960737852 0.0004856960139857352 0.0012273280435368557 0.002668797823184255 0.005431549790116763 0.009229138951501766 0.013988692113459171 0.019808674387796068 0.026827324691499458 0.035183086121530226 0.04478063385407966 0.05529625642121458 0.06630389827742413 0.07820111144386452 0.09115341781936681 0.10538311948483368 0.12235268953322637 0.14258315895924242 0.16589041187442882 0.19194179826532892 0.22012006845888402 0.25002964871101824 0.28102494916829746 0.31285633939464735 0.345008196896012 0.37725126839771117 0.4087319817875765 0.4388650892004567 0.4671330307012102 0.4931623338936012 0.5167904942050794 0.5380147574746638 0.5570638778704318 0.5742038882863597 0.5896928812841066 0.6038267590191618 0.6168473749392613 0.6289520349591708 0.6402992598732837 0.6510260680560764 0.6612363961889227 0.671014389107728 0.680427625846516 0.6895325508247346 0.6983755038217907 0.7069919032571547 0.7154136465800801 0.7236697046601955 0.7317847605876773 0.739780262334449 0.7476754935647114 0.7554865436604065 0.7632266616331732 0.7709059294363888 0.7785248416393235 0.7860825815220815 0.7935822979935937 0.8010129970965993 0.8083323682031762 0.815515487744512 0.8225430130710804 0.8293814677418293 0.8360415870860526 0.8425464434407995 0.8489310831642546 0.8551973756375119 0.8613798499628222 0.8675411167948448 0.8737365678918289 0.8799888808428741 0.8862280219169373 0.8924035042124753 0.8984310195496036 0.9041504227688038 0.9093742630420492 0.914035750831215 0.9182180504545985 0.922083623380089 0.9260318751292721 0.9303808582086716 0.9336202891963739 0.9359397859505285 0.9379322626137065 0.9409893676907269 0.9503347259315293 0.9644314156873408 0.9729841291201831 0.9767475449062052 0.9813845855464977 0.9905334591297623 0.997837144677012 0.9998179000484891 1.0 1.0
0.003503727 0.005338214 0.001169807 0.0001696312 0.000168953 0.0002833689 0.0004047892 0.0006015417 0.0007988895 0.001337345 0.002159691 0.003282831 0.004728603 0.006524084 0.00894628 0.01237781 0.01662928 0.02126736 0.02605635 0.03188752 0.04179875 0.05251327 0.06390651 0.07733992 0.09218815 0.1069284 0.1239659 0.1406386 0.1568277 0.1735095 0.2074341 0.2484937 0.2891177 0.331664 0.3773296 0.4266655 0.477392 0.528883 0.5808555 0.6306781 0.6778064 0.7216863 0.7619392 0.7977226 0.8294061 0.8570986 0.8810185 0.9013869 0.918585 0.9330093 0.9450648 0.9550483 0.9632898 0.970089 0.9756535 0.9802132 0.9839371 0.9869773 0.9894392 0.9914396 0.9930723 0.99453 0.9963281 0.9976075 0.9984434 0.9989848 0.9993399 0.9995722 0.9997239 0.9998212 0.9998844 0.9999256 0.9999524 0.9999698 0.9999808 0.9999878 0.9999924 0.9999954 0.9999971 0.9999983 0.999999 0.9999994 0.9999998 0.9999999 1.0 1.0 1.0 1.0 1.0 1.0 1.0 1.0 1.0 1.0 1.0 1.0 1.0 0.0
0.0 0.1463071 0.2438452 0.3413834 0.4389214 0.5364595999999999 0.6339975999999999 0.7315358000000001 0.8290739 0.9266119 1.02415 1.121688 1.219226 1.316764 1.414302 1.511841 1.609379 1.706917 1.804455 1.901993 2.0483 2.243376 2.438452 2.633528 2.828605 3.023682 3.218758 3.413834 3.608911 3.803986 4.14537 4.63306 5.12075 5.608441 6.096132 6.583822 7.071512 7.559202 8.046893 8.534584 9.022274 9.509965 9.997656 10.48535 10.97304 11.46073 11.94842 12.43611 12.9238 13.41149 13.89918 14.38687 14.87456 15.36225 15.84994 16.33763 16.82532 17.31301 17.8007 18.28839 18.77608 19.26377 19.99531 20.97069 21.94607 22.92145 23.89684 24.87222 25.8476 26.82298 27.79836 28.77374 29.74912 30.7245 31.69988 32.67526 33.65065 34.62603 35.60141 36.57679 37.55217 38.52755 39.99062 41.94138 43.89215 45.84291 47.79367 49.74443 50.96366 51.45135 51.93904 52.42673 52.91442 53.40211 53.8898 54.37749 54.86518 55.35287 55.84056 56.32826 56.81594 57.08152
1.648466537883338e-08 8.570128380428752e-08 1.9298003758160785e-06 3.275571465534708e-05 0.00016040627249359015 0.00041548904512832155 0.001333823011045987 0.0030933071461683153 0.005864643071343227 0.009500520452575854 0.014167766493091219 0.020273575035153726 0.027583793782562607 0.036046526436380615 0.04526153052208471 0.0550473329849495 0.06555935564982578 0.07696387658250306 0.08956631365495007 0.10362937196727637 0.1204196801207824 0.14029631402422177 0.1633903076154853 0.18917055315918707 0.21719161679372842 0.24686779096686567 0.2778672692226997 0.3096384214541088 0.34184975981735766 0.3740991910760886 0.4057713017792442 0.43610574742496105 0.46457983538735953 0.49079315920036154 0.5145682237758179 0.5359036984393969 0.554995393793201 0.5721313539753184 0.5875950594731364 0.6016643260371864 0.6145876898972289 0.6265677321638499 0.6377708855234479 0.648322837789222 0.6583300991333858 0.6678990813332206 0.6770840468515279 0.6859401624473983 0.6945127741285165 0.7028388877606289 0.7109463491097685 0.7188628071521028 0.7266204651435539 0.7342349772494118 0.7417261255366782 0.7491115882949784 0.756408612750422 0.7636275444273909 0.7707817462948781 0.7778945145246348 0.784966856493356 0.791996406037177 0.7990037932937127 0.805979380245004 0.8129291830383816 0.8198135438303817 0.8266031737292875 0.8332744392092918 0.8398035427530325 0.8461563647461309 0.8523138962246296 0.8583004173096098 0.8641409624833052 0.8698813088169165 0.8755136877962112 0.8811057529658222 0.8867315863393371 0.8924513587610097 0.8982738554927129 0.904145001490565 0.9100148496123965 0.9157822451816311 0.9206638286530344 0.9244342264326164 0.9278353377206854 0.9316783228479684 0.9352532113013619 0.9375235923840889 0.939599316896713 0.9414859952246035 0.9433827744951854 0.9474098940258572 0.9580827127531141 0.9704318109859765 0.9767061653627601 0.9795875049488171 0.9848243316120607 0.993546644155498 0.9988315297152927 0.9999229886286933 1.0 1.0
0.0004257428 0.001468392 0.0005408589 0.000219529 0.0002743729 0.0005086362 0.0004209131 0.0005740002 0.0008653607 0.001448151 0.002298196 0.003264552 0.004718624 0.00662996 0.009407851 0.01313135 0.01708561 0.02192564 0.02641554 0.03212154 0.04163362 0.05266961 0.06433016 0.07794566 0.09232888 0.1081687 0.1245735 0.1411789 0.1567095 0.1744438 0.2077131 0.2478656 0.2892071 0.3316041 0.3767994 0.4254051 0.4763509 0.528468 0.5802043 0.6303339 0.6786128 0.7231233 0.7637039 0.800036 0.8323082 0.8605477 0.8847116 0.9052473 0.9225145 0.9369146 0.9488557 0.9586597 0.9667321 0.9732814 0.9785922 0.9829105 0.9863719 0.9891582 0.9913892 0.9931852 0.9946221 0.9959502 0.9973683 0.9983879 0.9990237 0.9994128 0.9996504 0.9997945 0.9998806 0.9999313 0.9999607 0.999978 0.9999878 0.9999934 0.9999964 0.9999981 0.999999 0.9999995 0.9999997 0.9999999 0.9999999 1.0 1.0 1.0 1.0 1.0 1.0 1.0 1.0 1.0 1.0 1.0 1.0 1.0 1.0 1.0 1.0 1.0 1.0 1.0 1.0 0.0
0.0 0.1463071 0.2438452 0.3413834 0.4389214 0.5364595999999999 0.6339975999999999 0.7315358000000001 0.8290739 0.9266119 1.02415 1.121688 1.219226 1.316764 1.414302 1.511841 1.609379 1.706917 1.804455 1.901993 2.0483 2.243376 2.438452 2.633528 2.828605 3.023682 3.218758 3.413834 3.608911 3.803986 4.14537 4.63306 5.12075 5.608441 6.096132 6.583822 7.071512 7.559202 8.046893 8.534584 9.022274 9.509965 9.997656 10.48535 10.97304 11.46073 11.94842 12.43611 12.9238 13.41149 13.89918 14.38687 14.87456 15.36225 15.84994 16.33763 16.82532 17.31301 17.8007 18.28839 18.77608 19.26377 19.99531 20.97069 21.94607 22.92145 23.89684 24.87222 25.8476 26.82298 27.79836 28.77374 29.74912 30.7245 31.69988 32.67526 33.65065 34.62603 35.60141 36.57679 37.55217 38.52755 39.99062 41.94138 43.89215 45.84291 47.79367 49.74443 51.6952 53.64596 55.59672 57.54748 59.49824 60.71747 61.20516 61.69285 62.18054 62.66823 63.15592 63.64361 64.1313 64.619 65.10668 65.59438 66.08206 66.56976 66.59511
6.553711932256727e-08 2.8549437714870446e-07 3.0196017961312922e-06 8.772400228681793e-05 0.0003588662669170131 0.0008062375106638757 0.001537668805087458 0.002882201426173363 0.004988854422886379 0.00858814088476672 0.01361860596848559 0.019884798852333123 0.02695125054794033 0.03485288036735992 0.04313028111139848 0.05212858574408595 0.061931292907573134 0.0728116865253108 0.08503048173120596 0.09874052916258845 0.11539986739185712 0.1353746379894205 0.15842071544386283 0.18443383827883977 0.21276829906344202 0.2429778246640456 0.2745791532331756 0.30718662397348634 0.34031313116052875 0.3738415840098985 0.40698852961185006 0.4389689077065476 0.4691446986170305 0.4970110961060817 0.5223486206970029 0.5451711929263556 0.5655579416068404 0.5837674436543543 0.6001326613943232 0.6149260578710998 0.6283980700258122 0.6407640876859992 0.6522215249015855 0.6629310970198221 0.6729995723933411 0.6825202313972583 0.6915690962838554 0.7002229167910815 0.70854745172477 0.7165712942209304 0.7243279184511672 0.7318586583815629 0.7392003159391081 0.7463644915709371 0.753366958935887 0.7602225725048223 0.766955806271931 0.7735878556304524 0.7801178997012883 0.7865519648184163 0.7929011648000445 0.7991539041144821 0.805285861146296 0.8112933788053724 0.8171729376340215 0.8229495867333442 0.828622868967076 0.8342080025489159 0.8397294958811575 0.8452042924982385 0.8506569155487838 0.8561087717901116 0.8615821920829563 0.8670773386369599 0.8725714037933492 0.8780415356543578 0.8834514287528092 0.888769929006526 0.8939573982775021 0.8989799101733125 0.9038346992653311 0.9085365428519564 0.913049209689212 0.9175950164479005 0.9225220753424791 0.9278226096494682 0.9331026268944489 0.9373002078919307 0.9403476802538473 0.9430546455758012 0.9461239479147389 0.9488173033561731 0.9504727063325147 0.9519626544907881 0.953325936088783 0.9552500108277506 0.9610235582820977 0.9714252368377839 0.9790058144518653 0.9822987100023347 0.9851220976083492 0.9913357984689126 0.9975558795754 0.9997280618267257 0.9999890399368707 1.0 1.0
0.0009375607 0.002196063 0.00121703 0.0001969114 0.000238431 0.0004593527 0.0007936725 0.001052112 0.001475861 0.001747444 0.002334986 0.003281888 0.004839716 0.006937409 0.0100899 0.01322311 0.01723976 0.0210953 0.02527667 0.03060501 0.03932219 0.04909703 0.05999321 0.07208656 0.08565489 0.09989162 0.1151457 0.1303348 0.1437931 0.1599961 0.1901156 0.2251094 0.261063 0.2981253 0.337707 0.3792246 0.4244999 0.4723776 0.520964 0.5691626 0.6160764 0.6609971 0.7033767 0.7428593 0.7786787 0.8107948 0.8392993 0.8644632 0.8863814 0.9050117 0.9209002 0.9344403 0.9458736 0.955377 0.9632724 0.9698097 0.975253 0.9797748 0.9834697 0.9865057 0.9890252 0.9914094 0.9940947 0.9961332 0.9974796 0.99837 0.9989511 0.9993299 0.9995749 0.9997321 0.9998325 0.999896 0.999936 0.999961 0.9999764 0.9999859 0.9999915 0.9999951 0.9999971 0.9999983 0.999999 0.9999995 0.9999998 1.0 1.0 1.0 1.0 1.0 1.0 1.0 1.0 1.0 1.0 1.0 1.0 1.0 1.0 1.0 1.0 1.0 1.0 1.0 1.0 1.0 1.0 1.0 0.0
0.0 0.1463071 0.2438452 0.3413834 0.4389214 0.5364595999999999 0.6339975999999999 0.7315358000000001 0.8290739 0.9266119 1.02415 1.121688 1.219226 1.316764 1.414302 1.511841 1.609379 1.706917 1.804455 1.901993 2.0483 2.243376 2.438452 2.633528 2.828605 3.023682 3.218758 3.413834 3.608911 3.803986 4.14537 4.63306 5.12075 5.608441 6.096132 6.583822 7.071512 7.559202 8.046893 8.534584 9.022274 9.509965 9.997656 10.48535 10.97304 11.46073 11.94842 12.43611 12.9238 13.41149 13.89918 14.38687 14.87456 15.36225 15.84994 16.33763 16.82532 17.31301 17.8007 18.28839 18.77608 19.26377 19.99531 20.97069 21.94607 22.92145 23.89684 24.87222 25.8476 26.82298 27.79836 28.77374 29.74912 30.7245 31.69988 32.67526 33.65065 34.62603 35.60141 36.57679 37.55217 38.52755 39.99062 41.94138 43.89215 45.84291 47.79367 49.74443 51.6952 53.64596 55.59672 57.54748 59.49824 61.449 63.39976 65.35052 67.3013 69.25206 70.47127 70.95897 71.44666 71.93435 72.42204 72.90973 73.39742 73.88511 74.3728 74.8605 75.34818 75.83588 76.10869
1.3120485151563e-07 1.2204705987524713e-06 3.548292733817264e-05 0.00012449651733043875 0.0003521611555822193 0.0007272866251867851 0.001368783888199394 0.003045183379568518 0.005803641162129441 0.00943746106755668 0.014365667199933886 0.02026678942823225 0.02699392431780429 0.034770603528445826 0.043218425565552186 0.052568953828640234 0.06285277225776163 0.0740770983612014 0.08629879263424371 0.10012063764556497 0.11700435473707553 0.1370509689202854 0.16017166865522534 0.1862205909140828 0.21480937243246143 0.2454200665207534 0.27757855928165825 0.3107713873245863 0.3446853731138566 0.3790610582840876 0.41316609694587125 0.4462474858566998 0.47764735114684415 0.5067816576751368 0.5333160729669196 0.5571940632247065 0.5785395072275369 0.597598890925135 0.6146812754609219 0.6300354487475711 0.6439373397456242 0.6566476784288164 0.6683352318536895 0.6791570109821616 0.6892673981154043 0.6987525107930795 0.7077072773431671 0.7162265808585667 0.7243496049706084 0.732127726677683 0.7396279391329454 0.7468662555546381 0.7538724557036167 0.7606955040406835 0.7673411906560506 0.7738253428015212 0.7801763228721176 0.7864081939515317 0.7925232278459926 0.7985411118674446 0.8044679276210582 0.8102892853253435 0.8159765210180794 0.8215324292219721 0.8269464098499931 0.8322430004198637 0.8374314138094987 0.8425018842677859 0.8474766307633015 0.8523637167003222 0.8571570122229256 0.8618755688388797 0.866518414496581 0.8710905481749572 0.8756060470308361 0.8800574487838899 0.8844678343822707 0.8888542881103876 0.893224543156435 0.8976114085237777 0.9020436446761405 0.9065342456414961 0.911199229347242 0.915910569962747 0.9204560234884566 0.9246343802686107 0.9284683513289312 0.9320683524834905 0.9357197517461444 0.9396781665213894 0.9439347769738919 0.9480955790248072 0.9512821792983115 0.9535957028257024 0.9557313439253641 0.9581654259769383 0.9601610981796831 0.9613980815930034 0.9624861531341341 0.9635988416056812 0.9662510813895734 0.9731453900556547 0.9808048400439847 0.9847784005291641 0.9868277471697404 0.9904118527172648 0.996041664989279 0.9992980800796927 0.9999541495723507 1.0 1.0
0.001699154 0.001472165 0.0002491613 0.0003815779 0.0005465366 0.0009459672 0.001337982 0.001141756 0.001420519 0.002023194 0.002634425 0.003734327 0.005317148 0.007066769 0.009362546 0.01221214 0.01528743 0.01920356 0.02322543 0.02810202 0.03571081 0.045013 0.0549178 0.06593399 0.07806423 0.09085824 0.1042274 0.1176213 0.1292907 0.1446264 0.17227 0.2028558 0.2349115 0.2672004 0.3020149 0.3397789 0.3802139 0.4236527 0.4680839 0.5137025 0.5587772 0.6035036 0.646002 0.686397 0.7249253 0.7600869 0.7917588 0.8208802 0.8465652 0.869104 0.8890437 0.9062251 0.920868 0.9336469 0.9443261 0.9533467 0.9610798 0.9675636 0.9729423 0.9775029 0.9813606 0.9850115 0.9893418 0.992725 0.9950364 0.9966384 0.9977335 0.9984724 0.998978 0.999319 0.999547 0.9997009 0.9998032 0.9998712 0.9999163 0.9999458 0.9999651 0.9999778 0.9999859 0.9999911 0.9999945 0.9999969 0.9999987 0.9999996 0.9999998 0.9999999 1.0 1.0 1.0 1.0 1.0 1.0 1.0 1.0 1.0 1.0 1.0 1.0 1.0 1.0 1.0 1.0 1.0 1.0 1.0 1.0 1.0 1.0 1.0 1.0 0.0
0.0 0.1463071 0.2438452 0.3413834 0.4389214 0.5364595999999999 0.6339975999999999 0.7315358000000001 0.8290739 0.9266119 1.02415 1.121688 1.219226 1.316764 1.414302 1.511841 1.609379 1.706917 1.804455 1.901993 2.0483 2.243376 2.438452 2.633528 2.828605 3.023682 3.218758 3.413834 3.608911 3.803986 4.14537 4.63306 5.12075 5.608441 6.096132 6.583822 7.071512 7.559202 8.046893 8.534584 9.022274 9.509965 9.997656 10.48535 10.97304 11.46073 11.94842 12.43611 12.9238 13.41149 13.89918 14.38687 14.87456 15.36225 15.84994 16.33763 16.82532 17.31301 17.8007 18.28839 18.77608 19.26377 19.99531 20.97069 21.94607 22.92145 23.89684 24.87222 25.8476 26.82298 27.79836 28.77374 29.74912 30.7245 31.69988 32.67526 33.65065 34.62603 35.60141 36.57679 37.55217 38.52755 39.99062 41.94138 43.89215 45.84291 47.79367 49.74443 51.6952 53.64596 55.59672 57.54748 59.49824 61.449 63.39976 65.35052 67.3013 69.25206 71.20282 73.15358 75.10434 77.0551 79.00586 80.95662 82.90738 84.85814 86.80891 88.75967 89.9789 90.46659 90.95428 91.44197 91.92966 92.41735 92.90505 93.39273 93.88042 94.36811 94.85581 95.13586
2.684656085749298e-05 9.572021081220454e-05 0.0002473197991651774 0.000433806328515103 0.0008680008083601536 0.001726296910156706 0.0028990535528691536 0.004628155647614315 0.0070256130911297895 0.010018491186706278 0.013807847911863158 0.01847319504319949 0.023988780814867043 0.03045696596982035 0.03809380106793865 0.046821650713705136 0.056653133544250396 0.06799731397227865 0.08092575916252398 0.09536443977715367 0.11261396284883846 0.13297927364537343 0.15633339584825026 0.18302173130699126 0.21233190153077494 0.24372856340410012 0.27658074916374675 0.31066097453350866 0.3458869054708726 0.38164292688779394 0.4174047651886608 0.45232960313322357 0.48577379789633135 0.5169640834982441 0.5455662558475111 0.5714112970199645 0.5945582324861173 0.615233936108428 0.6336740122048012 0.6502360657701793 0.6651109306082894 0.6786324722617811 0.6909151304844688 0.7022255894001003 0.7126253110046501 0.7223189685664712 0.7313311273917498 0.7398208489921858 0.7478105237543952 0.7553895029142226 0.7626101999815054 0.7695141846453923 0.7761521161173883 0.7825417476914401 0.7887241566220768 0.7947183631964855 0.8005520309553349 0.8062378965148832 0.8117958880886478 0.8172346899663284 0.8225691675180085 0.8277922573846109 0.8328597148285061 0.8377775157489851 0.8425603475215345 0.8472200496080894 0.8517678777303799 0.8562126464680991 0.8605558161976662 0.8648106934258212 0.8689832330207936 0.8730700407743766 0.8770809499903827 0.8810195631358271 0.884888991781963 0.8886920915366322 0.8924313158527368 0.8961090576547573 0.8997275759865117 0.9032878393027519 0.9067930022627608 0.9102388073588885 0.9135926482379707 0.916854262781163 0.9200328687490035 0.9231345118023546 0.9261626784809147 0.9291290179411569 0.9320489536457331 0.9349584743581021 0.9379270456756676 0.9410294807280323 0.9442658544062942 0.9475162978649568 0.9505919855102264 0.9533982857708672 0.9559415951674084 0.9583585196799378 0.9608244491314212 0.9634975129984504 0.96630603485736 0.968902633374047 0.9707861793800269 0.9721987604027442 0.9736066391877959 0.975138871564053 0.976235683503443 0.9770364750395679 0.9778215030253815 0.9796285934271209 0.9839362016828525 0.9883465620644708 0.9905807379341856 0.9918386893567804 0.9942510208905754 0.9977373995216525 0.999618295613835 0.9999758857331482 1.0 1.0
9.880131e-05 0.0001731946 0.0003055178 0.0007750036 0.0008518657 0.0009675431 0.001450858 0.001950318 0.002589704 0.0035781 0.004609104 0.005792296 0.006995906 0.008654472 0.01023788 0.01249814 0.01489632 0.01744657 0.01995548 0.02406767 0.03037713 0.03785396 0.04620445 0.05460865 0.0641968 0.07464543 0.08534401 0.09502336 0.1054229 0.1181966 0.1413561 0.1659154 0.1910116 0.2173994 0.2446001 0.2744715 0.3067758 0.3424113 0.3800271 0.4188752 0.4596662 0.4986426 0.5408098 0.5785069 0.6195717 0.6547534 0.693359 0.7248473 0.7580124 0.7851812 0.8128496 0.8357074 0.857729 0.8762897 0.8930865 0.9077841 0.9206156 0.9318462 0.9414496 0.9500508 0.9570981 0.9645033 0.9734083 0.9807499 0.9861312 0.9900389 0.9928655 0.9949041 0.9963638 0.997415 0.9981669 0.9986994 0.9990802 0.9993511 0.9995435 0.9996797 0.9997756 0.9998432 0.9998907 0.9999242 0.9999476 0.9999664 0.9999828 0.999992 0.9999964 0.9999983 0.9999993 0.9999997 0.9999999 1.0 1.0 1.0 1.0 1.0 1.0 1.0 1.0 1.0 1.0 1.0 1.0 1.0 1.0 1.0 1.0 1.0 1.0 1.0 1.0 1.0 1.0 1.0 1.0 1.0 1.0 1.0 1.0 1.0 1.0 0.0
0.0 0.1463071 0.2438452 0.3413834 0.4389214 0.5364595999999999 0.6339975999999999 0.7315358000000001 0.8290739 0.9266119 1.02415 1.121688 1.219226 1.316764 1.414302 1.511841 1.609379 1.706917 1.804455 1.901993 2.0483 2.243376 2.438452 2.633528 2.828605 3.023682 3.218758 3.413834 3.608911 3.803986 4.14537 4.63306 5.12075 5.608441 6.096132 6.583822 7.071512 7.559202 8.046893 8.534584 9.022274 9.509965 9.997656 10.48535 10.97304 11.46073 11.94842 12.43611 12.9238 13.41149 13.89918 14.38687 14.87456 15.36225 15.84994 16.33763 16.82532 17.31301 17.8007 18.28839 18.77608 19.26377 19.99531 20.97069 21.94607 22.92145 23.89684 24.87222 25.8476 26.82298 27.79836 28.77374 29.74912 30.7245 31.69988 32.67526 33.65065 34.62603 35.60141 36.57679 37.55217 38.52755 39.99062 41.94138 43.89215 45.84291 47.79367 49.74443 51.6952 53.64596 55.59672 57.54748 59.49824 61.449 63.39976 65.35052 67.3013 69.25206 71.20282 73.15358 75.10434 77.0551 79.00586 80.95662 82.90738 84.85814 86.80891 88.75967 90.71043 92.66119 94.61196 96.56272 98.51348 100.4642 102.415 104.3658 106.3165 108.2673 109.4865 109.9742 110.4619 110.9496 111.4373 111.925 112.4127 112.9004 113.388 113.8757 114.163
3.2270411404574925e-05 9.948162686967828e-05 0.0002501544241854604 0.0007334970355241905 0.00161758649981596 0.003053512606460519 0.004901141879003265 0.0072520749479879935 0.010379662449344991 0.014111093003566522 0.01858719592980888 0.02383042974384569 0.02987464269966526 0.0369427509595938 0.045310852582774924 0.05462833528422294 0.06508175680317914 0.07674522567121672 0.08960263223110161 0.10381847780581102 0.1205922103397304 0.14018188220009375 0.16287658393338994 0.18861169717271545 0.2170783396537043 0.24778789114476293 0.2802847107635988 0.3140584299845837 0.3488664025519604 0.38459719092604777 0.4207928638493137 0.45647639654413164 0.4907397322585856 0.5231173188453331 0.552854975793887 0.5800812722398905 0.6044157645311683 0.6263447465764813 0.6458751049076594 0.6634138176362112 0.6791705516685926 0.6933939873208895 0.7063424337288605 0.7181098579017721 0.7289418229858211 0.7388966462483173 0.7481418537454578 0.7567380223075689 0.764784772986829 0.7723437148230333 0.7794821571172232 0.7862633316862696 0.7927122991381743 0.7988891433076963 0.8048090648914927 0.8105192733504984 0.8160344815211736 0.8213811057493303 0.8265730320767793 0.8316293892450674 0.836569247452517 0.8413745456011072 0.8460053638883169 0.850479471723123 0.8548104100504396 0.8590142058480357 0.8631034823701182 0.8670872604084939 0.8709745340510427 0.8747783538147967 0.8784994160559945 0.8821429152018889 0.8857207596631145 0.8892314632634506 0.8926780753858956 0.896063010168118 0.8993871555156757 0.9026524680047265 0.9058654526090728 0.9090216713415351 0.9121229919363614 0.9151720632176518 0.9181343446834754 0.921003081781024 0.9237893735865422 0.9264949204212002 0.92912177900088 0.9316781751620361 0.9341627639511365 0.936585756025331 0.9389473583400504 0.9412557078898396 0.9435120772195065 0.9457252519208892 0.9478977467849179 0.950032656385851 0.9521373237899555 0.9542147424046913 0.9562804703485015 0.9583596118800373 0.9604971240867359 0.9627253808577173 0.9650194027238331 0.967279590201461 0.9693787874089173 0.9712788431652779 0.9729985724409526 0.9746386957709421 0.9763205794202374 0.9781121443125054 0.9799422594039845 0.9815151997630468 0.9826327827122677 0.9835190387893701 0.9844544172529158 0.9853838376596166 0.9859938349404791 0.9864378950487747 0.9877314948757644 0.9905023384597679 0.9931158702394832 0.9943340109324604 0.9950912808818357 0.9966646161508887 0.9987709597399218 0.9998074901095897 0.9999886762512962 1.0 1.0
0.0005760693 0.0008800415 0.001182703 0.0008978408 0.001031113 0.001259091 0.001797543 0.002463881 0.003048813 0.003980417 0.004769326 0.005961513 0.007217878 0.008702327 0.0100002 0.01218012 0.01426624 0.01672451 0.0192815 0.02284842 0.02829349 0.03499597 0.04178083 0.0490647 0.05683551 0.06483297 0.07271346 0.08167597 0.09060863 0.1013772 0.1208858 0.1410663 0.1621193 0.1825638 0.2058579 0.2286191 0.2568471 0.2844103 0.3168027 0.3492395 0.3837013 0.4197592 0.4551919 0.4930488 0.5285344 0.565542 0.6006977 0.6357418 0.669093 0.7007892 0.7311881 0.7591593 0.7851091 0.8089833 0.8306094 0.8503886 0.8681574 0.883924 0.8982258 0.9107553 0.9221482 0.9332995 0.9482815 0.9609975 0.9706861 0.9780607 0.9836267 0.9878099 0.9909456 0.9932957 0.995037 0.9963307 0.9972973 0.9980081 0.9985344 0.9989233 0.9992099 0.999421 0.999577 0.9996909 0.999775 0.9998454 0.9999133 0.9999546 0.9999765 0.9999879 0.9999939 0.9999969 0.9999985 0.9999992 0.9999997 0.9999999 0.9999999 1.0 1.0 1.0 1.0 1.0 1.0 1.0 1.0 1.0 1.0 1.0 1.0 1.0 1.0 1.0 1.0 1.0 1.0 1.0 1.0 1.0 1.0 1.0 1.0 1.0 1.0 1.0 1.0 1.0 1.0 1.0 1.0 1.0 1.0 1.0 0.0
0.0 0.1463071 0.2438452 0.3413834 0.4389214 0.5364595999999999 0.6339975999999999 0.7315358000000001 0.8290739 0.9266119 1.02415 1.121688 1.219226 1.316764 1.414302 1.511841 1.609379 1.706917 1.804455 1.901993 2.0483 2.243376 2.438452 2.633528 2.828605 3.023682 3.218758 3.413834 3.608911 3.803986 4.14537 4.63306 5.12075 5.608441 6.096132 6.583822 7.071512 7.559202 8.046893 8.534584 9.022274 9.509965 9.997656 10.48535 10.97304 11.46073 11.94842 12.43611 12.9238 13.41149 13.89918 14.38687 14.87456 15.36225 15.84994 16.33763 16.82532 17.31301 17.8007 18.28839 18.77608 19.26377 19.99531 20.97069 21.94607 22.92145 23.89684 24.87222 25.8476 26.82298 27.79836 28.77374 29.74912 30.7245 31.69988 32.67526 33.65065 34.62603 35.60141 36.57679 37.55217 38.52755 39.99062 41.94138 43.89215 45.84291 47.79367 49.74443 51.6952 53.64596 55.59672 57.54748 59.49824 61.449 63.39976 65.35052 67.3013 69.25206 71.20282 73.15358 75.10434 77.0551 79.00586 80.95662 82.90738 84.85814 86.80891 88.75967 90.71043 92.66119 94.61196 96.56272 98.51348 100.4642 102.415 104.3658 106.3165 108.2673 110.2181 112.1688 114.1196 116.0703 118.0211 119.9719 121.9226 123.8734 125.8242 127.0434 127.5311 128.0188 128.5065 128.9941 129.4818 129.9695 130.4572 130.9449 131.4326 131.9203 132.408 132.8957 133.1902
0.00014164338726060572 0.000431283047617473 0.0008982841738822952 0.001663809745154272 0.0031153302642906258 0.004976173053937611 0.00725534630567393 0.010191627514310537 0.013690066874930013 0.01775424010328316 0.022439935872337294 0.02787539403434063 0.03419947977807785 0.04136006910216001 0.04947286628588612 0.058625778197929884 0.06889735849018229 0.08040940465903283 0.09313692165952224 0.10749287535172261 0.12444813889320051 0.1442868927303171 0.1668172390893883 0.19171731727524385 0.21894341038349296 0.24836262972005502 0.27966603632355574 0.3126214554840499 0.3467528861108225 0.38190426985898307 0.41792777551220217 0.4538736942011361 0.48877220172710995 0.5218184946645151 0.5525317590524285 0.5806479349157757 0.6061695829483215 0.6290971505001812 0.6496691934478903 0.6681463163725274 0.684712267048546 0.699728807744637 0.713317859364118 0.7256900466820602 0.7370202733097138 0.7473923634032041 0.7569726849278998 0.7658588373383102 0.7741011295255856 0.7818074499968921 0.7890453794714025 0.7958461553278716 0.802291637495481 0.8084094331325078 0.8142386776611256 0.8198276848938082 0.825190857447493 0.8303527173072467 0.8353482971290684 0.8401739286420112 0.8448656780350996 0.8494140712556001 0.8537618875959803 0.8579206450362253 0.8619266972006642 0.8657991433682508 0.8695484875253756 0.8731868544027552 0.8767332167872423 0.8801958131196993 0.8835780828540606 0.8868851016144526 0.8901271815923308 0.8933030234155783 0.8964211154240878 0.8994797700281131 0.9024866112048526 0.905439461850411 0.9083446373143498 0.9111980960197633 0.913998860995135 0.9167511820665624 0.91942602723994 0.9220191060677237 0.9245351887418922 0.9269792063976265 0.9293477175242106 0.93165365773872 0.9338901244802918 0.9360693993092815 0.9381858872640714 0.9402513078892971 0.9422613403998772 0.9442261129052658 0.9461421535572103 0.9480182443012539 0.9498516583584743 0.9516501096902883 0.9534115307164494 0.9551428147423008 0.9568423811307675 0.9585166938339209 0.9601649980127155 0.9617908297898459 0.963396691754981 0.9649848186019165 0.9665581340464647 0.9681206997191569 0.9696821413604095 0.9712621860819249 0.9728839860518649 0.9745547652033013 0.9762389879970018 0.9778553282387505 0.9793309305915758 0.9806518300189411 0.9818551493816954 0.9830077618659554 0.9841917284513566 0.9854261057386241 0.9866438585700474 0.9876193106388538 0.988321639522085 0.9889184246297898 0.9895584474116468 0.9901188819801962 0.9904718494484553 0.9907908224215007 0.9910813788924967 0.9914391453476845 0.9923628307809987 0.9941771152217281 0.9957559839780549 0.9965011525480939 0.9969971280785639 0.9980613652620178 0.9993423199234375 0.9999064767534652 0.9999950129974738 1.0 1.0
0.0004912541 0.0006557469 0.0009926065 0.001336369 0.001370805 0.00191118 0.002595759 0.003192607 0.00389612 0.0049311 0.005984525 0.007234244 0.008390489 0.009974393 0.01146545 0.01315867 0.01506776 0.01713904 0.01934283 0.02206602 0.02653265 0.03193935 0.0379924 0.04471322 0.05133646 0.05777136 0.06519511 0.07244435 0.07985957 0.08907127 0.1059493 0.1235212 0.140001 0.1583503 0.1770776 0.1969869 0.2186166 0.242767 0.26875 0.296823 0.327242 0.3565661 0.3892538 0.421711 0.4538728 0.4885872 0.5210999 0.5540997 0.5888081 0.619938 0.651114 0.681527 0.7092352 0.7368799 0.7618951 0.7848455 0.8072233 0.826678 0.8447833 0.8616358 0.8765517 0.8922262 0.9135233 0.9324126 0.9474714 0.9593044 0.9686067 0.9758987 0.9815394 0.9858677 0.9892063 0.9917684 0.9937331 0.9952297 0.9963846 0.9972534 0.9979157 0.9984218 0.9988114 0.9991019 0.9993207 0.9995141 0.9997096 0.9998363 0.9999084 0.9999489 0.9999717 0.9999844 0.9999915 0.9999954 0.9999976 0.9999987 0.9999993 0.9999996 0.9999998 0.9999999 1.0 1.0 1.0 1.0 1.0 1.0 1.0 1.0 1.0 1.0 1.0 1.0 1.0 1.0 1.0 1.0 1.0 1.0 1.0 1.0 1.0 1.0 1.0 1.0 1.0 1.0 1.0 1.0 1.0 1.0 1.0 1.0 1.0 1.0 1.0 1.0 1.0 1.0 1.0 1.0 1.0 1.0 1.0 1.0 0.0
0.0 0.1463071 0.2438452 0.3413834 0.4389214 0.5364595999999999 0.6339975999999999 0.7315358000000001 0.8290739 0.9266119 1.02415 1.121688 1.219226 1.316764 1.414302 1.511841 1.609379 1.706917 1.804455 1.901993 2.0483 2.243376 2.438452 2.633528 2.828605 3.023682 3.218758 3.413834 3.608911 3.803986 4.14537 4.63306 5.12075 5.608441 6.096132 6.583822 7.071512 7.559202 8.046893 8.534584 9.022274 9.509965 9.997656 10.48535 10.97304 11.46073 11.94842 12.43611 12.9238 13.41149 13.89918 14.38687 14.87456 15.36225 15.84994 16.33763 16.82532 17.31301 17.8007 18.28839 18.77608 19.26377 19.99531 20.97069 21.94607 22.92145 23.89684 24.87222 25.8476 26.82298 27.79836 28.77374 29.74912 30.7245 31.69988 32.67526 33.65065 34.62603 35.60141 36.57679 37.55217 38.52755 39.99062 41.94138 43.89215 45.84291 47.79367 49.74443 51.6952 53.64596 55.59672 57.54748 59.49824 61.449 63.39976 65.35052 67.3013 69.25206 71.20282 73.15358 75.10434 77.0551 79.00586 80.95662 82.90738 84.85814 86.80891 88.75967 90.71043 92.66119 94.61196 96.56272 98.51348 100.4642 102.415 104.3658 106.3165 108.2673 110.2181 112.1688 114.1196 116.0703 118.0211 119.9719 121.9226 123.8734 125.8242 127.7749 129.7257 131.6764 133.6272 135.578 137.5287 139.4795 141.4303 143.381 145.3318 146.551 147.0387 147.5264 148.0141 148.5018 148.9895 149.4771 149.9648 150.4525 150.9402 151.4279 151.9156 152.2174
0.00037247069438814536 0.0010052131616012472 0.0018840261509984154 0.003225748709984335 0.0052267271734715215 0.007753947867455184 0.010808110238323919 0.014436053828439427 0.01879346006383098 0.02418716698288272 0.030416862181399485 0.03744542979328464 0.04520339249316938 0.053789409302156074 0.06336719232703202 0.0738249926894441 0.0852426600424701 0.09776174465852205 0.1112703808308741 0.12605146084507704 0.14299682202230013 0.16219459359160818 0.18370488121107176 0.20735514969200813 0.2331990740524881 0.2611612237996233 0.2910322323303248 0.3226728808601425 0.3556642279236251 0.38988867814428385 0.42513286735688144 0.46025041969283254 0.4945985810013226 0.5274676595534035 0.5581718677211056 0.5864628588607728 0.6123227785493406 0.6357385775655143 0.6567874388277745 0.6757519193750371 0.6927994698220196 0.7081963420303873 0.7222010213147597 0.7349113793745964 0.7465116799513126 0.7571771656041439 0.7669549130878438 0.7759972919980467 0.7843827144908951 0.7921650130487886 0.7994416428526397 0.8062678027688606 0.8126749704246854 0.8187363108584688 0.8244905704540323 0.8299543540788002 0.8351771766448722 0.8401849197004242 0.8449854330962109 0.8496171686053747 0.8540954078870306 0.8584027485931222 0.8624929840862988 0.8663758893457196 0.8700924858607799 0.8736587405143984 0.8770936714418225 0.8804231535878853 0.8836513907422107 0.8867886693890513 0.8898534057435594 0.8928438956353404 0.8957652510676293 0.8986317601504225 0.901438826957123 0.9041889983462583 0.9068944168493606 0.9095490495508468 0.9121543171853207 0.9147218091273661 0.9172439813117955 0.9197158858030449 0.9221161440247866 0.9244461020430551 0.92671078550968 0.9289036449244906 0.9310365546217109 0.9331133856840769 0.9351264955042082 0.9370870919866542 0.9389987348411397 0.9408551371773587 0.9426668044057751 0.944436984863103 0.946159886909747 0.9478439115216118 0.9494919016917528 0.951101813431595 0.9526758974651383 0.9542184647593399 0.9557312895816183 0.9572112673449532 0.9586642994060206 0.9600921463176038 0.9614919564515071 0.9628691567396229 0.9642254726862228 0.9655584889916862 0.9668731805128973 0.9681711711642387 0.9694504240684274 0.9707155138181838 0.9719681735370211 0.973206694990949 0.9744352520005741 0.9756555939437918 0.9768669004822451 0.9780746640733051 0.9792869341918595 0.980512003620581 0.9817608877511783 0.9830252465616804 0.9842642790127522 0.9854239270924394 0.986470923159657 0.9874077637859368 0.9882668769719285 0.9890996006602972 0.9899520459938975 0.9908217357032761 0.9916410708601193 0.9922644777244448 0.9927291986417619 0.9931509444961103 0.9935900093948057 0.9939220402019155 0.9941521042211239 0.9943510228120364 0.9946014119204193 0.9952550681902161 0.9964212551031355 0.9973486722512734 0.9977851984186323 0.9981471352573873 0.9988801220559271 0.9996567269814353 0.9999564694739933 0.9999979479655059 1.0 1.0
0.0006212165 0.000898385 0.001371439 0.001654088 0.001919833 0.002477422 0.003017018 0.003773764 0.004380453 0.004931426 0.005758672 0.006785428 0.008028514 0.009371746 0.01083469 0.01273851 0.01457444 0.01647626 0.01861545 0.02136591 0.0255453 0.03076086 0.03614866 0.04173332 0.04691071 0.05290736 0.05890706 0.06484929 0.07140412 0.07917345 0.09387942 0.1104022 0.1250062 0.1397682 0.1562058 0.1733136 0.1910904 0.2109644 0.2336476 0.2571862 0.2827765 0.3098722 0.3366339 0.3654263 0.3956089 0.4247107 0.4557974 0.4866134 0.5177321 0.5485938 0.5791905 0.6092183 0.6384385 0.6664767 0.6931677 0.7185625 0.7429303 0.7655893 0.7865534 0.806294 0.8246099 0.8437404 0.871251 0.8961617 0.9168833 0.933813 0.947515 0.9585432 0.9673932 0.9743928 0.9799124 0.9843 0.9877373 0.9904279 0.992545 0.9941964 0.9954938 0.9964972 0.9972793 0.997902 0.9983724 0.9987951 0.9992458 0.9995507 0.9997345 0.9998428 0.9999077 0.9999461 0.9999685 0.9999817 0.9999895 0.9999939 0.9999965 0.9999981 0.9999989 0.9999995 0.9999996 0.9999998 0.9999999 1.0 1.0 1.0 1.0 1.0 1.0 1.0 1.0 1.0 1.0 1.0 1.0 1.0 1.0 1.0 1.0 1.0 1.0 1.0 1.0 1.0 1.0 1.0 1.0 1.0 1.0 1.0 1.0 1.0 1.0 1.0 1.0 1.0 1.0 1.0 1.0 1.0 1.0 1.0 1.0 1.0 1.0 1.0 1.0 1.0 1.0 1.0 1.0 1.0 1.0 0.0
0.0 0.1463071 0.2438452 0.3413834 0.4389214 0.5364595999999999 0.6339975999999999 0.7315358000000001 0.8290739 0.9266119 1.02415 1.121688 1.219226 1.316764 1.414302 1.511841 1.609379 1.706917 1.804455 1.901993 2.0483 2.243376 2.438452 2.633528 2.828605 3.023682 3.218758 3.413834 3.608911 3.803986 4.14537 4.63306 5.12075 5.608441 6.096132 6.583822 7.071512 7.559202 8.046893 8.534584 9.022274 9.509965 9.997656 10.48535 10.97304 11.46073 11.94842 12.43611 12.9238 13.41149 13.89918 14.38687 14.87456 15.36225 15.84994 16.33763 16.82532 17.31301 17.8007 18.28839 18.77608 19.26377 19.99531 20.97069 21.94607 22.92145 23.89684 24.87222 25.8476 26.82298 27.79836 28.77374 29.74912 30.7245 31.69988 32.67526 33.65065 34.62603 35.60141 36.57679 37.55217 38.52755 39.99062 41.94138 43.89215 45.84291 47.79367 49.74443 51.6952 53.64596 55.59672 57.54748 59.49824 61.449 63.39976 65.35052 67.3013 69.25206 71.20282 73.15358 75.10434 77.0551 79.00586 80.95662 82.90738 84.85814 86.80891 88.75967 90.71043 92.66119 94.61196 96.56272 98.51348 100.4642 102.415 104.3658 106.3165 108.2673 110.2181 112.1688 114.1196 116.0703 118.0211 119.9719 121.9226 123.8734 125.8242 127.7749 129.7257 131.6764 133.6272 135.578 137.5287 139.4795 141.4303 143.381 145.3318 147.2825 149.2333 151.184 153.1348 155.0856 157.0364 158.9871 160.9379 162.8886 164.8394 166.7902 168.7409 170.6917 172.6424 174.5932 176.544 178.4947 180.4455 182.3963 183.6155 184.1032 184.5908 185.0786 185.5662 186.0539 186.5416 187.0293 187.517 188.0047 188.4924 188.9801 189.4678 189.9555 190.2717
0.0005954434884591291 0.001766544057833228 0.003547490149390153 0.00602894695787145 0.009305220820916863 0.01343034207609734 0.018404236574717313 0.024181357866711183 0.030839994207272407 0.0384438496379631 0.04688754462190491 0.05613756002029393 0.06613389431583674 0.07694288849377225 0.08850570973810139 0.10078185616531193 0.11397457867992074 0.1281272518135796 0.14321242581739982 0.15946007949986984 0.17750054060993264 0.19744555761546992 0.21925524244667444 0.24278093433469927 0.26792296957588724 0.29463704555226455 0.3227576682679377 0.3520502577668856 0.38236674254141795 0.4135645704966802 0.4458938142466085 0.4785452414445389 0.5104872816883194 0.5412779498262561 0.5707031476380371 0.598281949630522 0.6237979103597907 0.647113741797323 0.668323661891585 0.6875543912543514 0.7049893079576252 0.7208397259627525 0.7352317324257642 0.7483082133561706 0.7602303316803625 0.7711596775390692 0.7811982864121044 0.7904471723932762 0.7990016239221523 0.8069206947876658 0.8142686095454004 0.8211181321272045 0.8275222616636246 0.8335343901259784 0.8391889696499015 0.8445284515912332 0.8495833498568777 0.8543859328788334 0.858959365495277 0.8633344513331814 0.8675215442021229 0.8715173128123617 0.8752545096985791 0.8787498723328839 0.8820469554626316 0.885167649157696 0.8881495571188 0.8910020643119677 0.8937519742630191 0.8964043374311194 0.8989732813525031 0.9014701227876871 0.9039001984785484 0.9062722712295397 0.908588786965513 0.9108569444936008 0.9130775358790078 0.9152561424069913 0.917392849029368 0.9194921640850386 0.9215541798915843 0.9235783567839956 0.9255429343298529 0.9274480495323754 0.9292976096840836 0.9310949961619159 0.932842900907257 0.9345436731079186 0.9362008070825608 0.9378162081089241 0.9393876836444539 0.9409202335700659 0.9424157553066853 0.9438759827552656 0.945302500537268 0.9466967675651068 0.9480609582124503 0.9493962244848603 0.9507012184474405 0.951978760205877 0.953229851504137 0.9544554994877471 0.9556566788928711 0.956834333519462 0.9579892976631076 0.9591224110209561 0.9602344317756962 0.9613268821853165 0.9624004374448921 0.9634537638600051 0.9644889523256602 0.9655067399093542 0.9665078705532977 0.967492953651737 0.968462621187263 0.9694174614389306 0.9703585237826496 0.9712863272592893 0.9722003066691899 0.9731018025814832 0.9739913846152872 0.9748696685485113 0.9757371424858136 0.9765943839031277 0.9774419422864823 0.9782804019865244 0.9791107460872843 0.9799334833175607 0.9807481461968356 0.9815560640000688 0.982357841702048 0.9831541500783899 0.9839455533466521 0.9847326731773554 0.985516156284619 0.9862967333522775 0.9870757218700674 0.987855615885835 0.9886394559871494 0.9894222810861212 0.9901956652392586 0.9909474495336419 0.991656847290913 0.992304985458321 0.9928877529571949 0.9934163889619994 0.9939124000318054 0.9944015560301537 0.9948943453145849 0.9953748033272076 0.9957767143007786 0.9960750012446679 0.9963190088881473 0.9965596822955811 0.9967724865966029 0.9969138532944303 0.9970437809600509 0.9971625470372594 0.9972778796861275 0.9974642187954436 0.9978963475721876 0.9984726700271588 0.9988302499018001 0.9989859238605152 0.9991993341184265 0.9995983979785085 0.9999054899572335 0.9999910732655485 0.9999996757418615 1.0 1.0
0.001778625 0.00198958 0.002363093 0.002799643 0.003097157 0.003556695 0.004026823 0.004666371 0.005286488 0.005927261 0.006757336 0.00774584 0.00884801 0.009946096 0.01116273 0.01249897 0.01378269 0.01516226 0.01674243 0.01899395 0.0225034 0.02619424 0.02972239 0.03392224 0.03837338 0.04284096 0.04762003 0.05256249 0.05793418 0.06546569 0.07786898 0.09116232 0.1042575 0.1167273 0.1282485 0.1404103 0.153699 0.1687886 0.1845911 0.2021523 0.2212717 0.2407516 0.2616821 0.2848462 0.3091121 0.3324967 0.3568189 0.3827586 0.4088671 0.4350561 0.46215 0.489958 0.5166265 0.5430976 0.5696733 0.5965418 0.6214268 0.6459196 0.6698687 0.6929677 0.7144991 0.7385843 0.7745023 0.8091009 0.8397838 0.8661076 0.8891929 0.9083717 0.9249902 0.9383651 0.9497703 0.9590479 0.9667405 0.9730201 0.9781325 0.9823459 0.9857112 0.9885036 0.9907113 0.99255 0.9939953 0.9953567 0.9968891 0.9979982 0.9987167 0.9991797 0.9994767 0.999667 0.9997889 0.9998664 0.9999157 0.999947 0.9999667 0.9999793 0.999987 0.999992 0.9999951 0.999997 0.9999982 0.9999989 0.9999993 0.9999996 0.9999998 0.9999999 0.9999999 1.0 1.0 1.0 1.0 1.0 1.0 1.0 1.0 1.0 1.0 1.0 1.0 1.0 1.0 1.0 1.0 1.0 1.0 1.0 1.0 1.0 1.0 1.0 1.0 1.0 1.0 1.0 1.0 1.0 1.0 1.0 1.0 1.0 1.0 1.0 1.0 1.0 1.0 1.0 1.0 1.0 1.0 1.0 1.0 1.0 1.0 1.0 1.0 1.0 1.0 1.0 1.0 1.0 1.0 1.0 1.0 1.0 1.0 1.0 1.0 1.0 1.0 1.0 1.0 1.0 0.0
