4.812014 5.0 6.0 7.0 8.0 9.0 10.0 11.0 12.0 13.0 14.0 15.0 16.0 17.0 18.0 19.0 20.0 23.0 27.0 30.0 35.0 40.0 50.0 60.0 70.0 80.0 90.0 100.0 110.0 120.0 130.0 140.0 150.0
0.0 0.1
0.9999999999999999 0.9999999999999999
0.0 0.0
0.0 0.34594559999999996 0.576576 0.8072064 1.037837 1.268467 1.499098 1.729728 1.960358 2.190989 2.421619 2.65225 2.88288 3.113511 3.344141 3.574771 3.805402 4.036032 4.266663
0.9998969317386397 0.9999017022341848 0.9999017022341848 0.9999017022341848 0.9999017022341848 0.9999017022341848 0.9999017022341848 0.9999017022341848 0.9999017022341848 0.9999017022341848 0.9999017022341848 0.9999017022341848 0.9999017022341848 0.9999017022341848 0.9999017022341848 0.9999017022341848 0.9999017022341848 1.0 1.0
0.0 0.0 0.0 0.0 0.0 0.0 0.0 0.0 0.0 0.0 0.0 0.0 0.0 0.0 0.0 0.0 0.0 0.0 0.0
0.0 0.34594559999999996 0.576576 0.8072064 1.037837
0.0 1.1629145294779839e-06 1.1629145294779839e-06 0.9999999999999999 0.9999999999999999
0.0 0.0 0.0 0.0 0.0
0.0 0.34594559999999996 0.576576 0.8072064 1.037837 1.268467 1.499098 1.729728 1.960358
0.0 1.2956286074002197e-06 1.2956286074002197e-06 1.2956286074002197e-06 1.2956286074002197e-06 1.2956286074002197e-06 1.2956286074002197e-06 1.0 1.0
0.0 0.0 0.0 0.0 0.0 0.0 0.0 0.0 0.0
0.0 0.34594559999999996 0.576576 0.8072064 1.037837 1.268467 1.499098 1.729728 1.960358 2.190989 2.421619 2.65225 2.88288
0.0 1.5945739442929011e-06 1.5945739442929011e-06 1.5945739442929011e-06 1.5945739442929011e-06 1.5945739442929011e-06 1.5945739442929011e-06 1.5945739442929011e-06 1.5945739442929011e-06 1.5945739442929011e-06 1.5945739442929011e-06 1.0 1.0
0.0 0.0 0.0 0.0 0.0 0.0 0.0 0.0 0.0 0.0 0.0 0.0 0.0
0.0 0.34594559999999996 0.576576 0.8072064 1.037837 1.268467 1.499098 1.729728 1.960358 2.190989 2.421619 2.65225 2.88288 3.113511 3.344141 3.574771
0.0 1.7000297095562685e-06 0.20843150071419872 0.20843150071419872 0.20843150071419872 0.20843150071419872 0.20843150071419872 0.20843150071419872 0.20843150071419872 0.20843150071419872 0.20843150071419872 0.20843150071419872 0.20843150071419872 0.20843150071419872 1.0 1.0
0.0 0.0 0.0 0.0 0.0 0.0 0.0 0.0 0.0 0.0 0.0 0.0 0.0 0.0 0.0 0.0
0.0 0.34594559999999996 0.576576 0.8072064 1.037837 1.268467 1.499098 1.729728 1.960358 2.190989 2.421619 2.65225 2.88288 3.113511 3.344141 3.574771 3.805402 4.036032 4.266663 4.497293
0.0010380961151420219 0.0010400200215549753 0.0010400200215549753 0.0010400200215549753 0.0010400200215549753 0.24036453365401705 0.24036453365401705 0.24036453365401705 0.24036453365401705 0.24036453365401705 0.24036453365401705 0.24036453365401705 0.24036453365401705 0.24036453365401705 0.24036453365401705 0.24036453365401705 0.24036453365401705 0.24036453365401705 1.0 1.0
0.0 0.0 0.0 0.0 0.0 0.0 0.0 0.0 0.0 0.0 0.0 0.0 0.0 0.0 0.0 0.0 0.0 0.0 0.0 0.0
0.0 0.34594559999999996 0.576576 0.8072064 1.037837 1.268467 1.499098 1.729728 1.960358 2.190989 2.421619 2.65225 2.88288 3.113511 3.344141 3.574771 3.805402 4.036032 4.266663 4.497293 4.727923 4.958554 5.189184 5.419815
0.004773434411909257 0.05739260745093381 0.05739260745093381 0.05739260745093381 0.05739260745093381 0.05739260745093381 0.05888690310855828 0.05888690310855828 0.05888690310855828 0.36953274566932726 0.36953274566932726 0.36953274566932726 0.36953274566932726 0.36953274566932726 0.36953274566932726 0.36953274566932726 0.36953274566932726 0.36953274566932726 0.36953274566932726 0.36953274566932726 0.36953274566932726 0.36953274566932726 1.0 1.0
0.0 0.0 0.0 0.0 0.0 0.0 0.0 0.0 0.0 0.0 0.0 0.0 0.0 0.0 0.0 0.0 0.0 0.0 0.0 0.0 0.0 0.0 0.0 0.0
0.0 0.34594559999999996 0.576576 0.8072064 1.037837 1.268467 1.499098 1.729728 1.960358 2.190989 2.421619 2.65225 2.88288 3.113511 3.344141 3.574771 3.805402 4.036032 4.266663 4.497293 4.727923 4.958554 5.189184 5.419815 5.650445 5.881075 6.111706 6.342336
0.010198079953942493 0.010200131433319435 0.04025146224357416 0.04025146224357416 0.04025146224357416 0.11031080994166587 0.11615283568005474 0.11615283582421976 0.11615283582421976 0.11665108019355873 0.11665108019355873 0.11665108019355873 0.11665108019355873 0.45708677591267516 0.45708677591267516 0.45708677591267516 0.45708677591267516 0.45708677591267516 0.45708677591267516 0.45708677591267516 0.45708677591267516 0.45708677591267516 0.45708677591267516 0.45708677591267516 0.45708677591267516 0.45708677591267516 1.0 1.0
1.0 1.0 1.0 1.0 1.0 1.0 1.0 1.0 1.0 1.0 1.0 1.0 1.0 1.0 1.0 1.0 1.0 1.0 1.0 1.0 1.0 1.0 1.0 1.0 1.0 1.0 1.0 1.0
0.0 0.34594559999999996 0.576576 0.8072064 1.037837 1.268467 1.499098 1.729728 1.960358 2.190989 2.421619 2.65225 2.88288 3.113511 3.344141 3.574771 3.805402 4.036032 4.266663 4.497293 4.727923 4.958554 5.189184 5.419815 5.650445 5.881075 6.111706 6.342336 6.572967 6.803597 7.034227
0.012200688518586264 0.012233786783723527 0.04293953848172025 0.04293953850503165 0.07466398037566765 0.07466398082450439 0.12196492449600452 0.12222213019041364 0.19915115150455862 0.20165120495280192 0.20165121131913982 0.2024212886028169 0.20268692978138078 0.20278821174426526 0.2027959312077069 0.2027959312077069 0.5324309099178856 0.5324309099178856 0.5324309099178856 0.5324309099178856 0.5324309099178856 0.5324309099178856 0.5324309099178856 0.5324309099178856 0.5324309099178856 0.5324309099178856 0.5324309099178856 0.5324309099178856 0.5324309099178856 1.0 1.0
0.7093 0.7093 0.7093 0.7093 0.7093 0.7093 0.7093 0.7093 0.7093 0.7093 0.7093 0.7093 0.7093 0.7093 0.7093 0.7093 0.7093 0.7093 0.7093 0.7093 0.7093 0.7093 0.7093 0.7093 0.7093 0.7093 0.7093 0.7093 0.7093 0.7093 0.7093
0.0 0.34594559999999996 0.576576 0.8072064 1.037837 1.268467 1.499098 1.729728 1.960358 2.190989 2.421619 2.65225 2.88288 3.113511 3.344141 3.574771 3.805402 4.036032 4.266663 4.497293 4.727923 4.958554 5.189184 5.419815 5.650445 5.881075 6.111706 6.342336 6.572967 6.803597 7.034227 7.264858 7.495488 7.726119 7.956749
0.008775310239585284 0.01700306192726474 0.03616183408324754 0.11376564183508163 0.11380381719267371 0.11380761628970022 0.16166914593437948 0.1937231222425739 0.19375038817108303 0.23900195689841555 0.23900479400784144 0.24119288807160336 0.3311042719264872 0.3314102254011387 0.33156879363782565 0.33165121940581954 0.33168712003533296 0.33169044989440943 0.33169044989440943 0.33169044989440943 0.6065894850665143 0.6065894850665143 0.6065894850665143 0.6065894850665143 0.6065894850665143 0.6065894850665143 0.6065894850665143 0.6065894850665143 0.6065894850665143 0.6065894850665143 0.6065894850665143 0.6065894850665143 0.6065894850665143 1.0 1.0
0.9552 0.9802 0.9802 0.9802 0.9802 0.9802 0.9802 0.9802 0.9802 0.9802 0.9802 0.9802 0.9802 0.9802 0.9802 0.9802 0.9802 0.9802 0.9802 0.9802 0.9802 0.9802 0.9802 0.9802 0.9802 0.9802 0.9802 0.9802 0.9802 0.9802 0.9802 0.9802 0.9802 0.9802 0.9802
0.0 0.34594559999999996 0.576576 0.8072064 1.037837 1.268467 1.499098 1.729728 1.960358 2.190989 2.421619 2.65225 2.88288 3.113511 3.344141 3.574771 3.805402 4.036032 4.266663 4.497293 4.727923 4.958554 5.189184 5.419815 5.650445 5.881075 6.111706 6.342336 6.572967 6.803597 7.034227 7.264858 7.495488 7.726119 7.956749 8.18738 8.41801 8.64864 8.879271
0.00799271138768106 0.016876143570827215 0.03766336913689669 0.06190233749909541 0.08483329573139535 0.10658881436807427 0.13792763378091605 0.2183705068459793 0.21844660297636964 0.22370771949545698 0.26340077724928984 0.3010136170829359 0.302320210576975 0.3499641891921821 0.3504704063491926 0.35080700903249107 0.4007211940809321 0.4008558689608608 0.4009367297391889 0.4009825921094957 0.4010042445712311 0.4010063926547616 0.4010063926547616 0.4010063926547616 0.6546122293340219 0.6546122293340219 0.6546122293340219 0.6546122293340219 0.6546122293340219 0.6546122293340219 0.6546122293340219 0.6546122293340219 0.6546122293340219 0.6546122293340219 0.6546122293340219 0.6546122293340219 0.6546122293340219 1.0 1.0
0.9364 0.9615 0.9808 0.9864 0.9897 0.9928 0.9928 0.9928 0.9928 0.9928 0.9928 0.9928 0.9928 0.9928 0.9928 0.9928 0.9928 0.9928 0.9928 0.9928 0.9928 0.9928 0.9928 0.9928 0.9928 0.9928 0.9928 0.9928 0.9928 0.9928 0.9928 0.9928 0.9928 0.9928 0.9928 0.9928 0.9928 0.9928 0.9928
0.0 0.34594559999999996 0.576576 0.8072064 1.037837 1.268467 1.499098 1.729728 1.960358 2.190989 2.421619 2.65225 2.88288 3.113511 3.344141 3.574771 3.805402 4.036032 4.266663 4.497293 4.727923 4.958554 5.189184 5.419815 5.650445 5.881075 6.111706 6.342336 6.572967 6.803597 7.034227 7.264858 7.495488 7.726119 7.956749 8.18738 8.41801 8.64864 8.879271 9.109901 9.340532 9.571162
0.00574571780088515 0.01389977146020442 0.03323572132396036 0.056058702002220566 0.0779029109183403 0.0988592045813688 0.1273971040870785 0.15533098197122594 0.1758042202420918 0.20069493010815814 0.22108276113262226 0.29934761087328754 0.3007613038764738 0.34235159831018935 0.34301678674850516 0.37740006126210074 0.3777868504336665 0.42111124086795676 0.4213372441791101 0.548504970390433 0.5486211789232002 0.5486983232278326 0.548747321489529 0.5487763538471708 0.5487905183450131 0.5487919629709084 0.5487919629709084 0.7377442894897399 0.7377442894897399 0.7377442894897399 0.7377442894897399 0.7377442894897399 0.7377442894897399 0.7377442894897399 0.7377442894897399 0.7377442894897399 0.7377442894897399 0.7377442894897399 0.7377442894897399 0.7377442894897399 1.0 1.0
0.9488 0.9609 0.9761 0.9793 0.9811 0.9835 0.9863 0.9893 0.9871 0.9871 0.9871 0.9871 0.9871 0.9871 0.9871 0.9871 0.9871 0.9871 0.9871 0.9871 0.9871 0.9871 0.9871 0.9871 0.9871 0.9871 0.9871 0.9871 0.9871 0.9871 0.9871 0.9871 0.9871 0.9871 0.9871 0.9871 0.9871 0.9871 0.9871 0.9871 0.9871 0.9871
0.0 0.34594559999999996 0.576576 0.8072064 1.037837 1.268467 1.499098 1.729728 1.960358 2.190989 2.421619 2.65225 2.88288 3.113511 3.344141 3.574771 3.805402 4.036032 4.266663 4.497293 4.727923 4.958554 5.189184 5.419815 5.650445 5.881075 6.111706 6.342336 6.572967 6.803597 7.034227 7.264858 7.495488 7.726119 7.956749 8.18738 8.41801 8.64864 8.879271 9.109901 9.340532 9.571162 9.801792 10.03242 10.26305 10.49368
0.004854661902986306 0.012231052040022682 0.029989628962317317 0.051207239418015936 0.07173751438606991 0.09165142926689798 0.11781215269544024 0.14789166610703702 0.16810758016069566 0.19227095872155844 0.21286700499796787 0.2365658530309435 0.25908290053748756 0.28151288411555053 0.360309496232153 0.3608063774400271 0.36120276904041976 0.4006665481716805 0.43229332531240566 0.432513491466885 0.4326958952404882 0.4711815778683238 0.47129428287395486 0.6318489614693871 0.6319049284624951 0.6319413765269173 0.6319634107590607 0.6319743343124465 0.6319754638709169 0.6319754638709169 0.6319754638709169 0.778658058252065 0.778658058252065 0.778658058252065 0.778658058252065 0.778658058252065 0.778658058252065 0.778658058252065 0.778658058252065 0.778658058252065 0.778658058252065 0.778658058252065 0.778658058252065 0.778658058252065 0.9999999999999999 0.9999999999999999
1.0 0.9681 0.977 0.9773 0.9777 0.9791 0.981 0.983 0.9768 0.9815 0.9852 0.9884 0.9466 0.9466 0.9466 0.9466 0.9466 0.9466 0.9466 0.9466 0.9466 0.9466 0.9466 0.9466 0.9466 0.9466 0.9466 0.9466 0.9466 0.9466 0.9466 0.9466 0.9466 0.9466 0.9466 0.9466 0.9466 0.9466 0.9466 0.9466 0.9466 0.9466 0.9466 0.9466 0.9466 0.9466
0.0 0.34594559999999996 0.576576 0.8072064 1.037837 1.268467 1.499098 1.729728 1.960358 2.190989 2.421619 2.65225 2.88288 3.113511 3.344141 3.574771 3.805402 4.036032 4.266663 4.497293 4.727923 4.958554 5.189184 5.419815 5.650445 5.881075 6.111706 6.342336 6.572967 6.803597 7.034227 7.264858 7.495488 7.726119 7.956749 8.18738 8.41801 8.64864 8.879271 9.109901 9.340532 9.571162 9.801792 10.03242 10.26305 10.49368 10.72431 10.95494 11.18557 11.41621
0.004276435034220249 0.01116750601510612 0.027511737985654587 0.04711028884878671 0.06621858969383042 0.08491218094013739 0.10889732725260295 0.1412758175404821 0.16081271850929937 0.18393383256223628 0.2042757322147934 0.22759159096649956 0.25032189821769324 0.2732075597819319 0.29597634910331916 0.31843756614511803 0.34044172019861285 0.36183937833597396 0.43637156744858807 0.4366581964681729 0.4368971502474499 0.4726122324761216 0.5004253393854247 0.5005887571366973 0.5344959678863248 0.5346114388271247 0.5347022793940124 0.6725026205444526 0.6725492409369023 0.6725799040975784 0.6725985083179724 0.6726077369655508 0.6726086915543263 0.6726086915543263 0.6726086915543263 0.7926582128871986 0.7926582128871986 0.7926582128871986 0.7926582128871986 0.7926582128871986 0.7926582128871986 0.7926582128871986 0.7926582128871986 0.7926582128871986 0.7926582128871986 0.7926582128871986 0.7926582128871986 0.7926582128871986 1.0 1.0
0.9186 0.9433 0.9732 0.9772 0.9779 0.9789 0.9801 0.9814 0.9741 0.9774 0.9801 0.9825 0.9407 0.9572 0.9669 0.9728 0.9773 0.9773 0.9773 0.9773 0.9773 0.9773 0.9773 0.9773 0.9773 0.9773 0.9773 0.9773 0.9773 0.9773 0.9773 0.9773 0.9773 0.9773 0.9773 0.9773 0.9773 0.9773 0.9773 0.9773 0.9773 0.9773 0.9773 0.9773 0.9773 0.9773 0.9773 0.9773 0.9773 0.9773
0.0 0.34594559999999996 0.576576 0.8072064 1.037837 1.268467 1.499098 1.729728 1.960358 2.190989 2.421619 2.65225 2.88288 3.113511 3.344141 3.574771 3.805402 4.036032 4.266663 4.497293 4.727923 4.958554 5.189184 5.419815 5.650445 5.881075 6.111706 6.342336 6.572967 6.803597 7.034227 7.264858 7.495488 7.726119 7.956749 8.18738 8.41801 8.64864 8.879271 9.109901 9.340532 9.571162 9.801792 10.03242 10.26305 10.49368 10.72431 10.95494 11.18557 11.41621 11.64684 11.87747 12.1081
0.0034041464504647304 0.010023164548684928 0.0253597578883326 0.04357184552378959 0.061152970175546724 0.07832297791490254 0.09998127204132427 0.13391935377038247 0.15235156470469266 0.17402431162763027 0.19352894732412793 0.2158612879064721 0.2379990332272873 0.2605602459480636 0.2832203041534512 0.3058037228013551 0.32816463630366544 0.3501364170386584 0.37155620305889425 0.3922711541930339 0.4121428830662541 0.43104884123802073 0.4966525704306519 0.49687426514769406 0.5281683814834405 0.5283388517100946 0.5530439852429379 0.5531817322221098 0.5834902121918822 0.5835903465535996 0.5836695957464645 0.6873991368018434 0.6874398670741729 0.6874666283120694 0.6874828777279578 0.687490956970583 0.6874917967760144 0.6874917967760144 0.7994309236119054 0.7994309236119054 0.7994309236119054 0.7994309236119054 0.7994309236119054 0.7994309236119054 0.7994309236119054 0.7994309236119054 0.7994309236119054 0.7994309236119054 0.7994309236119054 0.7994309236119054 0.7994309236119054 1.0 1.0
0.8532 0.878 0.9327 0.9519 0.9686 0.978 0.979 0.9801 0.9688 0.9723 0.9748 0.977 0.9373 0.9509 0.9605 0.966 0.97 0.9736 0.9768 0.9797 0.9797 0.9797 0.9797 0.9797 0.9797 0.9797 0.9797 0.9797 0.9797 0.9797 0.9797 0.9797 0.9797 0.9797 0.9797 0.9797 0.9797 0.9797 0.9797 0.9797 0.9797 0.9797 0.9797 0.9797 0.9797 0.9797 0.9797 0.9797 0.9797 0.9797 0.9797 0.9797 0.9797
0.0 0.34594559999999996 0.576576 0.8072064 1.037837 1.268467 1.499098 1.729728 1.960358 2.190989 2.421619 2.65225 2.88288 3.113511 3.344141 3.574771 3.805402 4.036032 4.266663 4.497293 4.727923 4.958554 5.189184 5.419815 5.650445 5.881075 6.111706 6.342336 6.572967 6.803597 7.034227 7.264858 7.495488 7.726119 7.956749 8.18738 8.41801 8.64864 8.879271 9.109901 9.340532 9.571162 9.801792 10.03242 10.26305 10.49368 10.72431 10.95494 11.18557 11.41621 11.64684 11.87747 12.1081 12.33873 12.56936 12.79999 13.03062
0.0029850375380564586 0.009129764077795114 0.023690134275181896 0.04134386218108941 0.058698577265115064 0.07566403543104354 0.09620174023704572 0.13193961264535256 0.1496614526587898 0.17013176599809612 0.18893379349730377 0.2103935536307188 0.23177449598267824 0.25378147658107086 0.2761367230306432 0.29862919150566025 0.3210993085660968 0.3433815092901231 0.36530823082539243 0.3867153541512353 0.4074437469891626 0.4273431002914071 0.4463538433921173 0.46453637846579915 0.48193002894256876 0.5413555965340046 0.5415701225332045 0.541754425502562 0.5700121384454028 0.5921333221379897 0.5922582588540398 0.5923668273222273 0.6189405966550571 0.6190122955675575 0.7027915736768637 0.7028285580269399 0.7028529665015416 0.7028678642725438 0.7028753112640529 0.7028760886114672 0.7028760886114672 0.7028760886114672 0.8046394437761037 0.8046394437761037 0.8046394437761037 0.8046394437761037 0.8046394437761037 0.8046394437761037 0.8046394437761037 0.8046394437761037 0.8046394437761037 0.8046394437761037 0.8046394437761037 0.8046394437761037 0.8046394437761037 1.0 1.0
0.916 0.8651 0.9022 0.9064 0.9103 0.9232 0.94 0.9545 0.9559 0.9686 0.9712 0.9734 0.9445 0.9553 0.9609 0.9643 0.9671 0.9694 0.9714 0.9732 0.9749 0.9768 0.9789 0.9811 0.9811 0.9811 0.9811 0.9811 0.9811 0.9811 0.9811 0.9811 0.9811 0.9811 0.9811 0.9811 0.9811 0.9811 0.9811 0.9811 0.9811 0.9811 0.9811 0.9811 0.9811 0.9811 0.9811 0.9811 0.9811 0.9811 0.9811 0.9811 0.9811 0.9811 0.9811 0.9811 0.9811
0.0 0.6918911999999999 1.153152 1.614413 2.075674 2.536934 2.998195 3.459456 3.920717 4.381978 4.843239 5.304499 5.76576 6.227021 6.688282 7.149543 7.610803 8.072064 8.533325 8.994586 9.455847 9.917108 10.37837 10.83963 11.30089 11.76215 12.22341 12.68467 13.14593 13.60719 14.06845 14.52972 14.99098 15.45224 15.9135
0.008263104373956724 0.036075931704812506 0.06313395966149192 0.11856994761947862 0.1511351046375213 0.18601966543800608 0.22428650462827804 0.2643875018977163 0.30509727139029225 0.344016411196415 0.3808553588500659 0.4159765190211582 0.44954364424473936 0.48142593628605507 0.5112881551935642 0.538590850882216 0.5632402691782179 0.5856118760482966 0.6339697527332103 0.6530566935646863 0.668723853410525 0.688847310040777 0.758611309019663 0.7586734219703419 0.7586978867056063 0.7586991183395793 0.8336303423410921 0.8336303423410921 0.8336303423410921 0.8336303423410921 0.8336303423410921 0.8336303423410921 0.8336303423410921 1.0 1.0
0.8424 0.8477 0.8384 0.8496 0.8569 0.8842 0.8793 0.8914 0.9028 0.9424 0.9632 0.9634 0.9641 0.9653 0.9672 0.97 0.9741 0.9741 0.9741 0.9741 0.9741 0.9741 0.9741 0.9741 0.9741 0.9741 0.9741 0.9741 0.9741 0.9741 0.9741 0.9741 0.9741 0.9741 0.9741
0.0 0.6918911999999999 1.153152 1.614413 2.075674 2.536934 2.998195 3.459456 3.920717 4.381978 4.843239 5.304499 5.76576 6.227021 6.688282 7.149543 7.610803 8.072064 8.533325 8.994586 9.455847 9.917108 10.37837 10.83963 11.30089 11.76215 12.22341 12.68467 13.14593 13.60719 14.06845 14.52972 14.99098 15.45224 15.9135 16.37476 16.83602 17.29728 17.75854 18.2198 18.68106 19.14232
0.008496094243891413 0.03461229983592175 0.05802101078115685 0.11604110901839465 0.14715694819036537 0.1814178306056045 0.21595481545888787 0.2511073042372635 0.28654349226600445 0.3213762339931113 0.3546444724413447 0.38621630564068016 0.4164398158259033 0.44545257015086087 0.4731737922660082 0.4991939074465833 0.5228289246515391 0.5447815212273512 0.5659510254189485 0.5865995504124181 0.6067876205673857 0.6264495280894774 0.6454314282647878 0.6635705501249346 0.6807834630682633 0.7181005291836284 0.7327785989367641 0.7447853052236558 0.7601108272034558 0.7602059392937146 0.8180798915378261 0.8180979763054205 0.8180988685324988 0.8180988685324988 0.872382539480495 0.872382539480495 0.872382539480495 0.872382539480495 0.872382539480495 0.872382539480495 1.0 1.0
0.6555 0.7437 0.7668 0.7792 0.764 0.7327 0.7545 0.7891 0.8096 0.8298 0.8518 0.8696 0.885 0.8954 0.9006 0.9036 0.9301 0.9454 0.9462 0.9482 0.9514 0.9557 0.9613 0.9681 0.9681 0.9681 0.9681 0.9681 0.9681 0.9681 0.9681 0.9681 0.9681 0.9681 0.9681 0.9681 0.9681 0.9681 0.9681 0.9681 0.9681 0.9681
0.0 0.6918911999999999 1.153152 1.614413 2.075674 2.536934 2.998195 3.459456 3.920717 4.381978 4.843239 5.304499 5.76576 6.227021 6.688282 7.149543 7.610803 8.072064 8.533325 8.994586 9.455847 9.917108 10.37837 10.83963 11.30089 11.76215 12.22341 12.68467 13.14593 13.60719 14.06845 14.52972 14.99098 15.45224 15.9135 16.37476 16.83602 17.29728 17.75854 18.2198 18.68106 19.14232 19.60358 20.06485 20.52611 20.98737 21.44863
0.008714859038966332 0.03209773108541829 0.053711826217853184 0.10760318374185171 0.135542934938985 0.1641731772616323 0.1951803458841924 0.22709597451091174 0.2591341614093539 0.29039788936240013 0.32042921988577405 0.34914644592075805 0.3767690466085784 0.4032062625804458 0.4282828616825928 0.4518847079051748 0.47396692421253983 0.4947868250664645 0.5149911549373927 0.534898324431024 0.5545695455089639 0.5739296524952078 0.5929332633890073 0.6116258852742079 0.6299234206151233 0.6477431570555509 0.6649997415961248 0.6816285618680785 0.6975717924188457 0.712774002905536 0.7271899364104983 0.7589069516096878 0.7715167778451788 0.7818041676840646 0.794848926379361 0.8468285972344339 0.8468571340628466 0.8468670909553464 0.8468675417446369 0.8857825934882017 0.8857825934882017 0.8857825934882017 0.8857825934882017 0.8857825934882017 0.8857825934882017 1.0 1.0
0.4588 0.628 0.6581 0.692 0.6936 0.7156 0.6775 0.7021 0.7259 0.7534 0.7741 0.791 0.8092 0.8306 0.8524 0.8652 0.8778 0.8918 0.9008 0.9084 0.918 0.9305 0.9405 0.9422 0.9445 0.9476 0.9516 0.9566 0.9633 0.9708 0.9708 0.9708 0.9708 0.9708 0.9708 0.9708 0.9708 0.9708 0.9708 0.9708 0.9708 0.9708 0.9708 0.9708 0.9708 0.9708 0.9708
0.0 0.6918911999999999 1.153152 1.614413 2.075674 2.536934 2.998195 3.459456 3.920717 4.381978 4.843239 5.304499 5.76576 6.227021 6.688282 7.149543 7.610803 8.072064 8.533325 8.994586 9.455847 9.917108 10.37837 10.83963 11.30089 11.76215 12.22341 12.68467 13.14593 13.60719 14.06845 14.52972 14.99098 15.45224 15.9135 16.37476 16.83602 17.29728 17.75854 18.2198 18.68106 19.14232 19.60358 20.06485 20.52611 20.98737 21.44863 21.90989 22.37115 22.83241 23.29367 23.75493 24.21619 24.67745 25.13871 25.59998 26.06124
0.009155915215269818 0.032260212260879086 0.05414202621253354 0.10395947613954448 0.13052637014140347 0.15677282819417443 0.18421427281982533 0.21192513608801997 0.2393437271845268 0.26569513909680986 0.29066292087883555 0.31442004019805936 0.3373062000299647 0.3593301627475465 0.3803895045048597 0.4003208170080545 0.41912503626947634 0.43705111840435734 0.45458117464267916 0.47203444079888895 0.4894823967068427 0.5068835890673263 0.5241908558325645 0.5414028671236308 0.5585254707008214 0.57553887129315 0.592416633502448 0.6091800122229135 0.6258296700771474 0.6423492685526269 0.6586183122779279 0.6745625411845055 0.6901638837468811 0.7053711929142245 0.720130003888977 0.7343400104372818 0.7479235003658551 0.7608090077420143 0.7729457098756436 0.7842539576766256 0.8086231178603001 0.8179746503882924 0.8254515818748365 0.8347836527600054 0.8788906998858319 0.8788989102895668 0.8789017433255463 0.8789018690616601 0.9052097054289167 0.9052097054289167 0.9052097054289167 0.9052097054289167 0.9052097054289167 0.9052097054289167 0.9052097054289167 1.0 1.0
0.3424 0.4368 0.4957 0.5422 0.5415 0.5713 0.5469 0.5747 0.605 0.6431 0.6775 0.7026 0.7245 0.7472 0.7693 0.7863 0.8015 0.8174 0.8321 0.8452 0.858 0.8728 0.8869 0.8971 0.9053 0.9133 0.9215 0.9275 0.9333 0.9382 0.9446 0.9524 0.9577 0.962 0.965 0.9696 0.9744 0.9794 0.9841 0.9841 0.9841 0.9841 0.9841 0.9841 0.9841 0.9841 0.9841 0.9841 0.9841 0.9841 0.9841 0.9841 0.9841 0.9841 0.9841 0.9841 0.9841
0.0 0.6918911999999999 1.153152 1.614413 2.075674 2.536934 2.998195 3.459456 3.920717 4.381978 4.843239 5.304499 5.76576 6.227021 6.688282 7.149543 7.610803 8.072064 8.533325 8.994586 9.455847 9.917108 10.37837 10.83963 11.30089 11.76215 12.22341 12.68467 13.14593 13.60719 14.06845 14.52972 14.99098 15.45224 15.9135 16.37476 16.83602 17.29728 17.75854 18.2198 18.68106 19.14232 19.60358 20.06485 20.52611 20.98737 21.44863 21.90989 22.37115 22.83241 23.29367 23.75493 24.21619 24.67745 25.13871 25.59998 26.06124 26.5225 26.98376 27.44502 27.90628 28.36754 28.8288 29.29006 29.75132 30.21258
0.010554854998692052 0.03415982423448599 0.05705095805386739 0.10349322147138014 0.12930104381768776 0.15669051159058706 0.1831702281318226 0.20948668690345826 0.23513083879153002 0.2594447282757129 0.2821605807116404 0.3035228051477628 0.3238430371476312 0.343113621105201 0.36128796957412007 0.3783402640114114 0.39435315806803845 0.409515185533315 0.42421024421464115 0.4387057053416493 0.4531693338002781 0.46767285394806457 0.48220820676423054 0.49678112815712044 0.5114192172588822 0.5261313538306149 0.5408802428757017 0.5556396531625296 0.5704343089136478 0.585277467171867 0.6001510901979308 0.6150344137254147 0.6299318057621285 0.6448111646965369 0.6596884740986183 0.6744299857547186 0.688874213210507 0.7029595406615512 0.7166386990297071 0.7298729280418526 0.7426291152311415 0.7549003422667332 0.7666920482921104 0.7780055594752493 0.7888347828625809 0.799084642411505 0.808742340137356 0.8177929821536325 0.8262289453129465 0.8443393548649998 0.8512404826177208 0.8567795013873205 0.8637468865323902 0.8637524852797251 0.9003800206269339 0.9003808845094465 0.9003809232387449 0.919882668475856 0.919882668475856 0.919882668475856 0.919882668475856 0.919882668475856 0.919882668475856 0.919882668475856 1.0 1.0
0.2414 0.3197 0.4112 0.4609 0.445 0.4287 0.4405 0.4633 0.4898 0.524 0.5587 0.5877 0.6153 0.6461 0.6778 0.7042 0.7279 0.7529 0.7769 0.7993 0.8189 0.8364 0.8527 0.866 0.877 0.8873 0.8973 0.9051 0.9124 0.9196 0.9276 0.9358 0.9419 0.9477 0.9498 0.9549 0.9597 0.9642 0.9681 0.9719 0.9763 0.9798 0.9822 0.9846 0.987 0.9892 0.9913 0.9934 0.9934 0.9934 0.9934 0.9934 0.9934 0.9934 0.9934 0.9934 0.9934 0.9934 0.9934 0.9934 0.9934 0.9934 0.9934 0.9934 0.9934 0.9934
0.0 0.6918911999999999 1.153152 1.614413 2.075674 2.536934 2.998195 3.459456 3.920717 4.381978 4.843239 5.304499 5.76576 6.227021 6.688282 7.149543 7.610803 8.072064 8.533325 8.994586 9.455847 9.917108 10.37837 10.83963 11.30089 11.76215 12.22341 12.68467 13.14593 13.60719 14.06845 14.52972 14.99098 15.45224 15.9135 16.37476 16.83602 17.29728 17.75854 18.2198 18.68106 19.14232 19.60358 20.06485 20.52611 20.98737 21.44863 21.90989 22.37115 22.83241 23.29367 23.75493 24.21619 24.67745 25.13871 25.59998 26.06124 26.5225 26.98376 27.44502 27.90628 28.36754 28.8288 29.29006 29.75132 30.21258 30.67384 31.13511 31.59637 32.05763 32.51889 32.98015 33.44141 33.90267 34.36393 34.82519 35.28645 35.74771 36.20897 36.67023 37.1315 37.59276 38.05402 38.51528
0.012953291792146921 0.03920151101078222 0.06531699701628163 0.10517935146346875 0.12895051850949008 0.1538440520907053 0.17888738929269174 0.20344535496400923 0.2270441512825106 0.24916752028239025 0.2696394283175467 0.2886428216903145 0.30651213554489576 0.32326825176694274 0.33886250321388245 0.35335004257614394 0.36682287921160694 0.3794906211987956 0.39161211942661966 0.40338484652471596 0.41492919134562684 0.4262841553836532 0.4374786845163055 0.4485263765744143 0.4594589257850467 0.47031615536188126 0.4811261569656741 0.4919252580208874 0.5027514804580439 0.513635719997245 0.5246042113063034 0.5356770702612822 0.54682050887557 0.5580281019535815 0.5693530244882606 0.580720133260139 0.592109289180742 0.6034885148315784 0.6148331261339435 0.6261221344250907 0.6373250989481899 0.6483968715622965 0.6593476332312246 0.6701860004022331 0.6809171262307409 0.6915395111949458 0.7020577838497603 0.7124676731114135 0.7227888259652503 0.7329266750456109 0.7428507703107006 0.7525674069665984 0.7620800622325914 0.7713928864879092 0.780508716289273 0.7894215814043689 0.7981320482160446 0.8066354046047055 0.8148289356481512 0.8227084677547405 0.8302693120172905 0.8375079215792789 0.8444216966505843 0.8510089427251454 0.8572689030783379 0.863201828404209 0.8687836984990316 0.8739665936598926 0.8853415621544054 0.8897382654624145 0.8932525897898169 0.8976458934079942 0.9295375513225016 0.9295378873546597 0.9295380038387204 0.929538009048839 0.9411245029670904 0.9411245029670904 0.9411245029670904 0.9411245029670904 0.9411245029670904 0.9411245029670904 1.0 1.0
0.1497 0.2011 0.31 0.368 0.3655 0.3384 0.3214 0.3324 0.3508 0.3765 0.4049 0.4323 0.4578 0.4863 0.5181 0.5469 0.5744 0.601 0.6283 0.6546 0.6801 0.7061 0.7308 0.7538 0.7751 0.7946 0.8131 0.8301 0.8461 0.8611 0.8747 0.8867 0.8981 0.9088 0.9134 0.9221 0.9299 0.9373 0.9442 0.9509 0.9568 0.9615 0.965 0.9683 0.9714 0.9745 0.9769 0.9792 0.9797 0.9823 0.9846 0.9865 0.9881 0.9893 0.9901 0.9913 0.9923 0.9933 0.9942 0.9949 0.9955 0.9961 0.9966 0.9971 0.9976 0.9981 0.9986 0.9986 0.9986 0.9986 0.9986 0.9986 0.9986 0.9986 0.9986 0.9986 0.9986 0.9986 0.9986 0.9986 0.9986 0.9986 0.9986 0.9986
0.0 0.6918911999999999 1.153152 1.614413 2.075674 2.536934 2.998195 3.459456 3.920717 4.381978 4.843239 5.304499 5.76576 6.227021 6.688282 7.149543 7.610803 8.072064 8.533325 8.994586 9.455847 9.917108 10.37837 10.83963 11.30089 11.76215 12.22341 12.68467 13.14593 13.60719 14.06845 14.52972 14.99098 15.45224 15.9135 16.37476 16.83602 17.29728 17.75854 18.2198 18.68106 19.14232 19.60358 20.06485 20.52611 20.98737 21.44863 21.90989 22.37115 22.83241 23.29367 23.75493 24.21619 24.67745 25.13871 25.59998 26.06124 26.5225 26.98376 27.44502 27.90628 28.36754 28.8288 29.29006 29.75132 30.21258 30.67384 31.13511 31.59637 32.05763 32.51889 32.98015 33.44141 33.90267 34.36393 34.82519 35.28645 35.74771 36.20897 36.67023 37.1315 37.59276 38.05402 38.51528 38.97654 39.4378 39.89906 40.36032 40.82158 41.28284 41.7441 42.20536 42.66663 43.12789 43.58915 44.05041 44.51167 44.97293 45.43419 45.89545 46.35671 46.81797 47.27923
0.014330074645824609 0.043927629389142256 0.0730546533403299 0.11104041687606821 0.13719696085217734 0.16259193751968232 0.18675396128544058 0.21046425988134426 0.23325002149734406 0.25466350693787193 0.2744558483211855 0.2928727823557531 0.31011004453646845 0.3262132180564556 0.34119526430063263 0.355068721899069 0.3679624567500596 0.3800215155775874 0.39150314702984357 0.40257171447543083 0.4133284746690713 0.423809138781326 0.4340207217552867 0.44397777843645475 0.4537111652831189 0.4632519663907941 0.4726233310716836 0.48185919120945825 0.4909932975071395 0.5000567572885307 0.5090706711307995 0.5180686457215795 0.5270384443985501 0.5359797233830432 0.5449380101202909 0.5538657237843679 0.5627399612829281 0.5715426277793206 0.580258754964511 0.5888804638030795 0.5974118099541779 0.6058573136427257 0.6142265913801136 0.6225241959108649 0.6307605474451486 0.6389397573900086 0.6470670010080966 0.655142761447811 0.663211386157334 0.6712289968999087 0.6792047549124739 0.6871252667639474 0.695005393913237 0.7028350645744996 0.7106343758628448 0.7183953372470686 0.7261337207349835 0.733838999266294 0.7415187917195899 0.7491612888330571 0.7567213441053929 0.7642007739887492 0.7716017665878914 0.7789271000061104 0.7861806347849356 0.7933673185497927 0.8004921871936032 0.8075589804707968 0.8145215948745897 0.8213479196191205 0.8280374901386212 0.8345894051755027 0.8410018389862981 0.8472725616553225 0.8534000029502812 0.8593832755505577 0.8652197639508804 0.8708364569952016 0.8762305347693116 0.8813993492483345 0.8863403917771249 0.8910513952747366 0.8955304104232086 0.8997757698960004 0.9037862202946711 0.9075380144108744 0.9156085484857025 0.9186687207798483 0.9211083572474428 0.9241488421734861 0.9466874408641107 0.9466874986779269 0.9466875186930925 0.9466875195857325 0.9549230860038689 0.9549230860038689 0.9549230860038689 0.9549230860038689 0.9549230860038689 0.9549230860038689 0.9549230860038689 1.0 1.0
0.1257 0.1562 0.2655 0.3188 0.2901 0.2801 0.2728 0.2768 0.2897 0.3083 0.331 0.3519 0.3733 0.3968 0.4222 0.4476 0.4715 0.4964 0.5198 0.5425 0.5647 0.5876 0.6112 0.6344 0.657 0.679 0.7008 0.7218 0.7421 0.7614 0.78 0.7959 0.8128 0.8289 0.8391 0.852 0.865 0.8775 0.8895 0.901 0.9111 0.9203 0.9282 0.9354 0.9419 0.9481 0.9535 0.9584 0.958 0.9633 0.968 0.9721 0.974 0.9775 0.9791 0.9819 0.983 0.9855 0.987 0.9888 0.9902 0.9914 0.9924 0.9934 0.9942 0.9949 0.9955 0.9961 0.9966 0.997 0.9973 0.9976 0.9978 0.9981 0.9983 0.9985 0.9986 0.9988 0.9989 0.9991 0.9992 0.9993 0.9994 0.9995 0.9997 0.9997 0.9997 0.9997 0.9997 0.9997 0.9997 0.9997 0.9997 0.9997 0.9997 0.9997 0.9997 0.9997 0.9997 0.9997 0.9997 0.9997 0.9997
0.0 0.6918911999999999 1.153152 1.614413 2.075674 2.536934 2.998195 3.459456 3.920717 4.381978 4.843239 5.304499 5.76576 6.227021 6.688282 7.149543 7.610803 8.072064 8.533325 8.994586 9.455847 9.917108 10.37837 10.83963 11.30089 11.76215 12.22341 12.68467 13.14593 13.60719 14.06845 14.52972 14.99098 15.45224 15.9135 16.37476 16.83602 17.29728 17.75854 18.2198 18.68106 19.14232 19.60358 20.06485 20.52611 20.98737 21.44863 21.90989 22.37115 22.83241 23.29367 23.75493 24.21619 24.67745 25.13871 25.59998 26.06124 26.5225 26.98376 27.44502 27.90628 28.36754 28.8288 29.29006 29.75132 30.21258 30.67384 31.13511 31.59637 32.05763 32.51889 32.98015 33.44141 33.90267 34.36393 34.82519 35.28645 35.74771 36.20897 36.67023 37.1315 37.59276 38.05402 38.51528 38.97654 39.4378 39.89906 40.36032 40.82158 41.28284 41.7441 42.20536 42.66663 43.12789 43.58915 44.05041 44.51167 44.97293 45.43419 45.89545 46.35671 46.81797 47.27923 47.74049 48.20176 48.66302 49.12428 49.58554 50.0468 50.50806 50.96932 51.43058 51.89184 52.3531 52.81436 53.27562 53.73689 54.19815 54.65941 55.12067 55.58193
0.015214053195603107 0.04653418732618941 0.07726692233605112 0.1165673325979019 0.1413853625792765 0.16647946573207997 0.1901856877025167 0.21358881944183575 0.2360535022492455 0.25721265176067537 0.27683613263679074 0.29503416964751766 0.31216128443331786 0.3281676350970465 0.3430332876684635 0.3568344132453223 0.3696242837247763 0.3815932826980922 0.3929653501251852 0.4038637615077216 0.4144561220764769 0.4247050597039856 0.4346311729810855 0.44424795881837986 0.45356860273080707 0.4626560624150031 0.4714995645105073 0.4801326374997889 0.4885891444994647 0.49689547977789406 0.5050716981454257 0.5131591129761477 0.5211366609095733 0.5290084876909704 0.5367757505967647 0.5444826259820813 0.5520956597275946 0.5595870353698195 0.566949200401962 0.5741762057725165 0.5812731221183524 0.5882474415262091 0.5951128793484252 0.6018826675769038 0.6085682581357929 0.6151746380034252 0.6217096803776523 0.628173561870941 0.634634004068828 0.6410259531635609 0.6473526485995925 0.6536232323959161 0.659841418062026 0.6660586091210873 0.6722260744754159 0.6783510831223204 0.6844713092895378 0.6905545212019194 0.6966102001603017 0.7026323320454287 0.7086263360714061 0.714590264853405 0.7205260657762544 0.7264381169700465 0.7323309267003753 0.7382096771488258 0.7440796155647338 0.7499449016364566 0.7558089049439484 0.7616706262324643 0.7675136498380061 0.773339802305294 0.7791507289188848 0.7849473963996483 0.7907307575253647 0.7965021415372298 0.8022628916195286 0.8080142812410992 0.8137296140333105 0.8193919259039787 0.8250015514872509 0.830558792883399 0.8360641892252156 0.84151845625796 0.8469223794423388 0.85227696732849 0.8575793569353766 0.8627707827885954 0.8678507429369257 0.8728188283830765 0.8776747044929003 0.8824176694642278 0.8870469963973279 0.891561906338269 0.8959619805295977 0.9002188894021367 0.9043038265330489 0.9082153181377779 0.9119520642556157 0.9155129815085109 0.9188972175089274 0.9221041796755628 0.9251334492509636 0.9279848960996281 0.9340023059251226 0.9340024090537896 0.9380236369555436 0.9380236801019227 0.9402391896115828 0.9581165123261068 0.9581165160569013 0.9581165162221407 0.9581165162221407 0.9642452058446642 0.9642452058446642 0.9642452058446642 0.9642452058446642 0.9642452058446642 0.9642452058446642 1.0 1.0
0.1051 0.129 0.2268 0.2798 0.2768 0.2461 0.2345 0.2342 0.2446 0.2592 0.2772 0.2957 0.3117 0.3309 0.3526 0.3735 0.3953 0.4162 0.436 0.4561 0.4726 0.4928 0.5132 0.5339 0.5554 0.5747 0.5962 0.6173 0.6379 0.6582 0.6781 0.6953 0.7145 0.7333 0.7515 0.7644 0.7793 0.7954 0.8111 0.8267 0.8412 0.8547 0.8669 0.8782 0.8885 0.8984 0.9073 0.9158 0.9146 0.923 0.9314 0.9388 0.9458 0.9448 0.9514 0.9572 0.9572 0.9624 0.966 0.9706 0.9745 0.9778 0.9806 0.9831 0.9853 0.9872 0.9888 0.9903 0.9915 0.9926 0.9935 0.9943 0.995 0.9956 0.9962 0.9966 0.997 0.9974 0.9977 0.9979 0.9981 0.9983 0.9985 0.9986 0.9988 0.9989 0.9991 0.9992 0.9992 0.9993 0.9994 0.9994 0.9995 0.9996 0.9996 0.9996 0.9997 0.9997 0.9998 0.9998 0.9998 0.9999 0.9999 0.9999 0.9999 0.9999 0.9999 0.9999 0.9999 0.9999 0.9999 0.9999 0.9999 0.9999 0.9999 0.9999 0.9999 0.9999 0.9999 0.9999 0.9999
0.0 0.6918911999999999 1.153152 1.614413 2.075674 2.536934 2.998195 3.459456 3.920717 4.381978 4.843239 5.304499 5.76576 6.227021 6.688282 7.149543 7.610803 8.072064 8.533325 8.994586 9.455847 9.917108 10.37837 10.83963 11.30089 11.76215 12.22341 12.68467 13.14593 13.60719 14.06845 14.52972 14.99098 15.45224 15.9135 16.37476 16.83602 17.29728 17.75854 18.2198 18.68106 19.14232 19.60358 20.06485 20.52611 20.98737 21.44863 21.90989 22.37115 22.83241 23.29367 23.75493 24.21619 24.67745 25.13871 25.59998 26.06124 26.5225 26.98376 27.44502 27.90628 28.36754 28.8288 29.29006 29.75132 30.21258 30.67384 31.13511 31.59637 32.05763 32.51889 32.98015 33.44141 33.90267 34.36393 34.82519 35.28645 35.74771 36.20897 36.67023 37.1315 37.59276 38.05402 38.51528 38.97654 39.4378 39.89906 40.36032 40.82158 41.28284 41.7441 42.20536 42.66663 43.12789 43.58915 44.05041 44.51167 44.97293 45.43419 45.89545 46.35671 46.81797 47.27923 47.74049 48.20176 48.66302 49.12428 49.58554 50.0468 50.50806 50.96932 51.43058 51.89184 52.3531 52.81436 53.27562 53.73689 54.19815 54.65941 55.12067 55.58193 56.04319 56.50445 56.96571 57.42697 57.88823 58.34949 58.81075 59.27201 59.73328 60.19454 60.6558 61.11706 61.57832 62.03958 62.50084 62.9621 63.42336 63.88462 64.34588
0.015062825264070205 0.04682936595552319 0.0775441886321058 0.11946484937744507 0.14561062754313378 0.17013547590376035 0.19301122688508596 0.21566106100138918 0.2375216639466739 0.25821700023142274 0.2774570102980469 0.29549591800623787 0.31243724767273295 0.3282821750764931 0.3430861523699385 0.3568311246073641 0.3696375742771617 0.3816046246578235 0.3929951947965349 0.4039594590859629 0.4145863538185031 0.4248788997701421 0.4348343689477966 0.44445993220892416 0.45378042033213534 0.46281868897328016 0.47157376683669516 0.480075694377731 0.4883555530576168 0.4964386198003395 0.5043424429907079 0.5121093599660124 0.5197157947315135 0.5271666967124822 0.5345062343011909 0.5417179187081005 0.5487727179523048 0.555662857021149 0.5623844600266747 0.5689364906103512 0.5753280064527909 0.5815680605872584 0.5876731836294224 0.5936553657362762 0.5995268759056733 0.6052931701237806 0.6109639845839703 0.6165419682744155 0.6220992201468968 0.6275639944480566 0.6329443310893671 0.6382467456522642 0.6435218524002418 0.6487264542366903 0.6538877753242711 0.6589906281307928 0.6641058800609029 0.669159094546942 0.6741694558400992 0.6791294863579708 0.6840454135464367 0.6889220845891186 0.6937641607757318 0.6985760199077827 0.7033619979606492 0.7081265935668778 0.7128747793884773 0.7176105056709685 0.7223365097021304 0.727055096566408 0.7317680508453073 0.736474089870871 0.7411734367157873 0.7458667048299489 0.7505548283302377 0.7552390155270485 0.7599204421993422 0.7646002190632124 0.7692794057139284 0.7739571005660417 0.7786287213347479 0.7832952857891872 0.7879578395825857 0.7926173679526498 0.7972747446007419 0.8019308804070057 0.8065867838458858 0.8112432031403575 0.8158880449623092 0.8205167098317501 0.8251302596676231 0.829729741052624 0.83431578834971 0.8388887854297988 0.8434491742556539 0.8479975148326698 0.8525290004091497 0.8570132382607892 0.861450508622653 0.8658411656226338 0.8701857543946133 0.8744850124726673 0.8787396922623836 0.882950574982906 0.887118206232851 0.8912131817787644 0.8952149450076894 0.8991227286425255 0.902935781207154 0.9066529520182914 0.9102731503434393 0.9137971574017408 0.9172263004756918 0.9205598569027286 0.9237576573332501 0.9268194954250198 0.9297450467931702 0.9325338982884931 0.9351856223550028 0.9376998211797386 0.9400761991913886 0.9423146829618595 0.944401543761394 0.9488976820762166 0.9506029486936836 0.951958604640495 0.9536425180896142 0.9667479688139212 0.9667479710170893 0.9667479717708101 0.9667479718040324 0.9711680037591771 0.9711680037591771 0.9711680037591771 0.9711680037591771 0.9711680037591771 0.9711680037591771 0.9711680037591771 1.0 1.0
0.09136 0.1081 0.1973 0.2438 0.2244 0.2157 0.2048 0.2031 0.2109 0.2226 0.238 0.2517 0.2663 0.283 0.3004 0.319 0.3369 0.3562 0.3727 0.3879 0.4025 0.4186 0.4358 0.4536 0.4715 0.4896 0.5092 0.5287 0.5481 0.5675 0.5868 0.6039 0.6233 0.6427 0.6582 0.6747 0.6932 0.7117 0.7301 0.7484 0.7658 0.7824 0.7976 0.8121 0.8257 0.839 0.8511 0.8627 0.8632 0.8752 0.8864 0.8971 0.8996 0.9098 0.9155 0.9242 0.9202 0.9297 0.9358 0.9433 0.9497 0.9554 0.9604 0.9649 0.9689 0.9726 0.9757 0.9784 0.9809 0.983 0.9849 0.9866 0.9882 0.9895 0.9907 0.9918 0.9927 0.9936 0.9943 0.995 0.9956 0.9961 0.9965 0.9969 0.9973 0.9976 0.9979 0.9981 0.9984 0.9986 0.9987 0.9989 0.999 0.9991 0.9992 0.9993 0.9994 0.9994 0.9995 0.9995 0.9996 0.9996 0.9997 0.9997 0.9997 0.9998 0.9998 0.9998 0.9998 0.9998 0.9999 0.9999 0.9999 0.9999 0.9999 0.9999 0.9999 0.9999 0.9999 1.0 1.0 1.0 1.0 1.0 1.0 1.0 1.0 1.0 1.0 1.0 1.0 1.0 1.0 1.0 1.0 1.0 1.0 1.0 1.0 1.0
0.0 0.6918911999999999 1.153152 1.614413 2.075674 2.536934 2.998195 3.459456 3.920717 4.381978 4.843239 5.304499 5.76576 6.227021 6.688282 7.149543 7.610803 8.072064 8.533325 8.994586 9.455847 9.917108 10.37837 10.83963 11.30089 11.76215 12.22341 12.68467 13.14593 13.60719 14.06845 14.52972 14.99098 15.45224 15.9135 16.37476 16.83602 17.29728 17.75854 18.2198 18.68106 19.14232 19.60358 20.06485 20.52611 20.98737 21.44863 21.90989 22.37115 22.83241 23.29367 23.75493 24.21619 24.67745 25.13871 25.59998 26.06124 26.5225 26.98376 27.44502 27.90628 28.36754 28.8288 29.29006 29.75132 30.21258 30.67384 31.13511 31.59637 32.05763 32.51889 32.98015 33.44141 33.90267 34.36393 34.82519 35.28645 35.74771 36.20897 36.67023 37.1315 37.59276 38.05402 38.51528 38.97654 39.4378 39.89906 40.36032 40.82158 41.28284 41.7441 42.20536 42.66663 43.12789 43.58915 44.05041 44.51167 44.97293 45.43419 45.89545 46.35671 46.81797 47.27923 47.74049 48.20176 48.66302 49.12428 49.58554 50.0468 50.50806 50.96932 51.43058 51.89184 52.3531 52.81436 53.27562 53.73689 54.19815 54.65941 55.12067 55.58193 56.04319 56.50445 56.96571 57.42697 57.88823 58.34949 58.81075 59.27201 59.73328 60.19454 60.6558 61.11706 61.57832 62.03958 62.50084 62.9621 63.42336 63.88462 64.34588 64.80714 65.26841 65.72967 66.19093 66.65219 67.11345 67.57471 68.03597 68.49723 68.95849 69.41975 69.88101 70.34227 70.80354 71.2648 71.72606 72.18732 72.64858
0.014995087855020937 0.04661212444851014 0.07659894953354998 0.12089943085651683 0.14516445729208852 0.16938954576473708 0.1917775344148364 0.21351751869560842 0.23507418521707998 0.2555171197883229 0.2746530921907728 0.292479402406224 0.30941283844290585 0.3253247288652336 0.34019134976109155 0.3540443810342785 0.366943083669574 0.3790460477208196 0.3905761431933524 0.40166699078160195 0.4124394825227433 0.42286005175326774 0.4329384947526542 0.44267810637960797 0.45210230383161204 0.46123199017560007 0.4700586192265808 0.4786106736206672 0.4869182578637724 0.4950054815848985 0.5028881731179663 0.5106077528799569 0.5181378294708887 0.5254834125630949 0.5326477784265152 0.5396709997926233 0.546537866403955 0.553214895246447 0.5597010685851816 0.5659951827975855 0.5721045665045023 0.5780397455944613 0.5838167203474652 0.5894510635019077 0.5949546346902511 0.6003347346501904 0.6056006949420644 0.6108278604801004 0.6159412674197661 0.6209510326967472 0.6258585690572305 0.6306742955043428 0.635451464204379 0.6401658028766376 0.644799649870189 0.6493603189348642 0.6538558729477488 0.6583756295334635 0.6628387382501251 0.6672341043929761 0.6715708713111037 0.675854924207701 0.680092088801912 0.6842871094114404 0.6884439947035912 0.69256769904912 0.6966622617867945 0.700732261794305 0.7047805663887475 0.7088096831946034 0.712821699265532 0.7168182508776267 0.7208002990700697 0.7247687598042867 0.7287246238614847 0.7326690772049104 0.736603230978028 0.7405280462200199 0.7444443938145553 0.7483530842318148 0.7522549432777109 0.7561508116291685 0.7600415601698568 0.7639279849636631 0.7678107161697417 0.7716903848766854 0.7755675761658917 0.7794430707655166 0.7833169890378173 0.7871887301009454 0.7910568979386032 0.7949218378371121 0.7987838950827931 0.8026432197799289 0.8065000373173025 0.8103547078522474 0.8142076965686235 0.8180595741415349 0.8219057616932917 0.8257456732130578 0.8295800745579766 0.833409806869692 0.8372355602561278 0.8410578905213756 0.8448772331072698 0.8486937980668622 0.8525037872506184 0.8562956542467768 0.8600692642867869 0.8638244375243411 0.8675608133373865 0.871279727793452 0.8749829379956069 0.8786720500132006 0.8823485653537755 0.8859929811491678 0.889597174573523 0.8931617311729583 0.8966871616738087 0.9001739010531894 0.9036223852176544 0.9070331244288194 0.9104065838705444 0.9137372236259569 0.9169906321721508 0.9201663438605479 0.9232639678623508 0.9262827689918796 0.9292220264697474 0.9320813648028891 0.9348611594843697 0.9375619361115373 0.940164026376214 0.9426533920426077 0.94502991321318 0.9472935150681496 0.9494441822717848 0.9514820198506112 0.9534072531934119 0.9552202726642647 0.9569208528743867 0.9605106176988719 0.9605106213902058 0.9629088226381147 0.9642263306783602 0.9642263316911691 0.9749562319230959 0.9749562320761777 0.9749562320829372 0.9749562320829372 0.978540171652998 0.978540171652998 0.978540171652998 0.978540171652998 0.978540171652998 0.978540171652998 1.0 1.0
0.07798 0.09191 0.1737 0.215 0.2114 0.1861 0.1768 0.1785 0.1805 0.1902 0.2022 0.2156 0.2259 0.2393 0.2545 0.2701 0.2863 0.3022 0.3165 0.33 0.3418 0.356 0.3708 0.3862 0.4019 0.4179 0.4357 0.4535 0.4714 0.4894 0.5077 0.5241 0.5429 0.5619 0.581 0.5968 0.6134 0.6327 0.652 0.6716 0.6909 0.7096 0.7273 0.7441 0.7601 0.7758 0.7905 0.7937 0.8084 0.8222 0.8365 0.8497 0.8538 0.8626 0.875 0.8864 0.8967 0.8892 0.8978 0.9087 0.918 0.9263 0.9336 0.9402 0.9464 0.9519 0.957 0.9613 0.9652 0.9687 0.9718 0.9746 0.9772 0.9796 0.9817 0.9836 0.9853 0.9868 0.9882 0.9894 0.9905 0.9915 0.9924 0.9932 0.994 0.9946 0.9952 0.9957 0.9961 0.9966 0.9969 0.9973 0.9976 0.9978 0.9981 0.9983 0.9985 0.9986 0.9988 0.9989 0.999 0.9992 0.9993 0.9993 0.9994 0.9995 0.9995 0.9996 0.9996 0.9997 0.9997 0.9997 0.9998 0.9998 0.9998 0.9998 0.9999 0.9999 0.9999 0.9999 0.9999 0.9999 0.9999 0.9999 0.9999 0.9999 1.0 1.0 1.0 1.0 1.0 1.0 1.0 1.0 1.0 1.0 1.0 1.0 1.0 1.0 1.0 1.0 1.0 1.0 1.0 1.0 1.0 1.0 1.0 1.0 1.0 1.0 1.0 1.0 1.0 1.0 1.0 1.0
0.0 0.6918911999999999 1.153152 1.614413 2.075674 2.536934 2.998195 3.459456 3.920717 4.381978 4.843239 5.304499 5.76576 6.227021 6.688282 7.149543 7.610803 8.072064 8.533325 8.994586 9.455847 9.917108 10.37837 10.83963 11.30089 11.76215 12.22341 12.68467 13.14593 13.60719 14.06845 14.52972 14.99098 15.45224 15.9135 16.37476 16.83602 17.29728 17.75854 18.2198 18.68106 19.14232 19.60358 20.06485 20.52611 20.98737 21.44863 21.90989 22.37115 22.83241 23.29367 23.75493 24.21619 24.67745 25.13871 25.59998 26.06124 26.5225 26.98376 27.44502 27.90628 28.36754 28.8288 29.29006 29.75132 30.21258 30.67384 31.13511 31.59637 32.05763 32.51889 32.98015 33.44141 33.90267 34.36393 34.82519 35.28645 35.74771 36.20897 36.67023 37.1315 37.59276 38.05402 38.51528 38.97654 39.4378 39.89906 40.36032 40.82158 41.28284 41.7441 42.20536 42.66663 43.12789 43.58915 44.05041 44.51167 44.97293 45.43419 45.89545 46.35671 46.81797 47.27923 47.74049 48.20176 48.66302 49.12428 49.58554 50.0468 50.50806 50.96932 51.43058 51.89184 52.3531 52.81436 53.27562 53.73689 54.19815 54.65941 55.12067 55.58193 56.04319 56.50445 56.96571 57.42697 57.88823 58.34949 58.81075 59.27201 59.73328 60.19454 60.6558 61.11706 61.57832 62.03958 62.50084 62.9621 63.42336 63.88462 64.34588 64.80714 65.26841 65.72967 66.19093 66.65219 67.11345 67.57471 68.03597 68.49723 68.95849 69.41975 69.88101 70.34227 70.80354 71.2648 71.72606 72.18732 72.64858 73.10984 73.5711 74.03236 74.49362 74.95488 75.41614 75.8774 76.33867 76.79993 77.26119 77.72245 78.18371 78.64497 79.10623 79.56749 80.02875 80.49001 80.95127 81.41253
0.014250507694957901 0.04537998812163995 0.07505935591017221 0.12088622006603689 0.1458195019947208 0.1692312564106849 0.19080771869685983 0.21229535951671208 0.2332610952488575 0.25326262100566455 0.271982590509471 0.2895006039603521 0.30617372179473534 0.32183963114476966 0.33656429774381175 0.3502924961948092 0.3631336041873313 0.37518939941518903 0.38669968125555687 0.39778821443153994 0.40856628127712147 0.41904337714152545 0.4291867978865243 0.4389684291023804 0.4484359194177585 0.4576064849599699 0.46646807072351737 0.47504697009226005 0.48337135786709995 0.49146340689629847 0.4993378247511097 0.5070341444168059 0.5145253013608141 0.5218161779764975 0.5289462143396448 0.5359070160784127 0.5426644436030518 0.5492128991171753 0.5555520899559098 0.5616829173412461 0.5676147465491315 0.5733578951777195 0.5789321854653368 0.5843510196049927 0.58962789269918 0.594768964646662 0.5997883669798939 0.6046861879628855 0.6095421299961438 0.6142815077912762 0.6189110284839038 0.6234389949300285 0.6279286074122278 0.6323246995309715 0.6366559700966486 0.6409073631274421 0.6451999819542991 0.6494045853046035 0.6535457802550875 0.6576148193778695 0.6616203014456571 0.6655674934970757 0.6694615724485513 0.6733071805224323 0.6771082747336252 0.6808683963270974 0.6845927078183052 0.6882858207694672 0.6919504583575476 0.6955891941752423 0.6992041107886263 0.7027970385145262 0.7063689143450845 0.7099208099911943 0.7134538705622411 0.7169693456907793 0.7204683962808065 0.7239520931141211 0.7274212993198259 0.7308768032348893 0.734319452658349 0.7377500363917208 0.7411693283710031 0.7445780421410301 0.7479766989240046 0.7513658041475176 0.7547465038500492 0.7581185592542264 0.7614824172546656 0.7648384796848833 0.7681871330483311 0.7715287489829437 0.7748636108626458 0.7781918074159943 0.7815134877627105 0.7848288451545201 0.7881381620362535 0.7914417659138402 0.7947400288897621 0.7980334122596054 0.8013224511819954 0.8046077407421748 0.8078897575657942 0.8111688138287187 0.8144450879171568 0.817718564965591 0.820989066587813 0.8242562504123755 0.8275174383234138 0.8307717681209201 0.8340186293895873 0.8372588699284529 0.8404937844311711 0.8437245927992615 0.84695238068004 0.8501781751878479 0.8534009199418565 0.8566178025719975 0.8598294632246125 0.8630364375228747 0.8662391421658181 0.8694379339258596 0.8726330808468594 0.8758247311194438 0.8790129298047126 0.8821872924096834 0.8853451115520042 0.8884862975740234 0.8916106270284327 0.8947181301108145 0.897809401906411 0.9008850820970171 0.9039458698264967 0.9069862602079466 0.9099881475057499 0.9129519335534231 0.9158780494509703 0.9187669718240423 0.9216192506967821 0.9244355703475363 0.9272167047123034 0.9299634718590863 0.9326536599176408 0.9352776276708533 0.9378357328202359 0.9403283618692401 0.9427557675316617 0.9451181732548084 0.9474158614835105 0.9496492043202498 0.9518147650432278 0.9538886654506118 0.9558707564226804 0.9577609784973642 0.9595592870781111 0.9612657118959559 0.9628803723395848 0.964403520658246 0.9658355828419216 0.967166400167675 0.9700427360930036 0.9711365348224267 0.9720054953888195 0.9730844016571162 0.9811184426502284 0.981118442750796 0.9811184427853327 0.9811184427868618 0.9839319505320949 0.9839319505320949 0.9839319505320949 0.9839319505320949 0.9839319505320949 0.9839319505320949 0.9839319505320949 1.0 1.0
0.0714 0.07937 0.1501 0.1896 0.174 0.1653 0.157 0.1543 0.1587 0.1664 0.1771 0.1882 0.197 0.209 0.2212 0.2349 0.2483 0.2623 0.2743 0.2857 0.2958 0.3067 0.3191 0.3332 0.3466 0.3605 0.3761 0.3918 0.4078 0.424 0.4405 0.4558 0.4734 0.4913 0.507 0.5233 0.5422 0.5617 0.5815 0.6017 0.6218 0.6417 0.6604 0.6787 0.6964 0.7141 0.7305 0.7471 0.7519 0.7686 0.785 0.8008 0.8057 0.821 0.8314 0.8451 0.835 0.8504 0.8611 0.8739 0.8851 0.8953 0.9047 0.9133 0.9213 0.9288 0.9354 0.9412 0.9465 0.9514 0.9558 0.9598 0.9635 0.9669 0.9699 0.9727 0.9753 0.9776 0.9797 0.9817 0.9834 0.985 0.9865 0.9878 0.989 0.9901 0.9909 0.9918 0.9926 0.9933 0.994 0.9946 0.9951 0.9956 0.996 0.9964 0.9968 0.9971 0.9974 0.9977 0.9979 0.9981 0.9983 0.9985 0.9987 0.9988 0.9989 0.999 0.9991 0.9992 0.9993 0.9994 0.9995 0.9995 0.9996 0.9996 0.9997 0.9997 0.9997 0.9998 0.9998 0.9998 0.9998 0.9998 0.9999 0.9999 0.9999 0.9999 0.9999 0.9999 0.9999 0.9999 0.9999 1.0 1.0 1.0 1.0 1.0 1.0 1.0 1.0 1.0 1.0 1.0 1.0 1.0 1.0 1.0 1.0 1.0 1.0 1.0 1.0 1.0 1.0 1.0 1.0 1.0 1.0 1.0 1.0 1.0 1.0 1.0 1.0 1.0 1.0 1.0 1.0 1.0 1.0 1.0 1.0 1.0 1.0 1.0 1.0
0.0 1.383782 2.306304 3.228826 4.151347 5.073869 5.996391 6.918912 7.841434 8.763956 9.686477 10.609 11.53152 12.45404 13.37656 14.29909 15.22161 16.14413 17.06665 17.98917 18.91169 19.83422 20.75674 21.67926 22.60178 23.5243 24.44682 25.36934 26.29187 27.21439 28.13691 29.05943 29.98195 30.90447 31.827 32.74952 33.67204 34.59456 35.51708 36.4396 37.36213 38.28465 39.20717 40.12969 41.05221 41.97473 42.89726 43.81978 44.7423 45.66482 46.58734 47.50986 48.43239 49.35491 50.27743 51.19995 52.12247 53.04499 53.96752 54.89004 55.81256 56.73508 57.6576 58.58012 59.50265 60.42517 61.34769 62.27021 63.19273 64.11525 65.03778 65.9603 66.88282 67.80534 68.72786 69.65038 70.5729 71.49543 72.41795 73.34047 74.26299 75.18551 76.10803 77.03056 77.95308 78.8756 79.79812 80.72064 81.64316 82.56569 83.48821 84.41073 85.33325 86.25577 87.17829 88.10082 89.02334 89.94586
0.04383401422877376 0.11564637190794705 0.16328200632895978 0.20533857749224413 0.24534448051883923 0.2805736302200567 0.31232355814822266 0.34010183319544085 0.36461705688167745 0.38720143475732205 0.4085920108252548 0.4286246350979065 0.44738661477920993 0.46491123803859474 0.4814016937505198 0.4969673021111632 0.5117162614554279 0.5256691895195198 0.5387743769833253 0.5509654926205327 0.562318907844495 0.5729611101571196 0.5829963289555216 0.5925032547948491 0.6016547542419562 0.6103499540561473 0.6187605027834636 0.6268623765660298 0.6348772476498665 0.6426089703752924 0.6500831882284774 0.6573465687529814 0.6644311151628405 0.6713789896444441 0.678213569335638 0.6849504584782916 0.6916010812025986 0.698173710999777 0.7046775329911737 0.7111184657020699 0.7175008966470655 0.7238291237804065 0.7301057679208702 0.7363356860678587 0.7425199689722084 0.7486612063422576 0.754760930131428 0.7608202292050747 0.7668409588766343 0.7728256504045297 0.7787775732130481 0.7846993462354853 0.7905916180773517 0.7964530934131078 0.8022806800536929 0.8080725820783267 0.8138361019554428 0.819577775705394 0.8253025781701537 0.8310140144591511 0.8367142330781389 0.8424038816898866 0.848081664968855 0.8537383374583009 0.8593678646758535 0.8649720123745952 0.8705541367109454 0.8761091148326617 0.8816299987417636 0.8871205565722982 0.8925849109287661 0.8980194690268656 0.9033923454951311 0.9087087508606779 0.913973072638106 0.919189786016888 0.924286432899766 0.9292574775141289 0.934106659711807 0.9388391617376985 0.9433895913350969 0.947718259126121 0.9518273155020047 0.9557188505185856 0.9593622147372818 0.9626944896526353 0.9657148503666495 0.9684232789672539 0.9708170528196902 0.9752255104013638 0.9769225744633491 0.9828141100248325 0.9828141100256115 0.9852828298676629 0.9852828298676629 0.9852828298676629 1.0 1.0
0.07114 0.1764 0.1499 0.1391 0.145 0.1636 0.1807 0.2041 0.2275 0.2479 0.2656 0.288 0.3122 0.3402 0.3692 0.4 0.4312 0.4638 0.4991 0.5388 0.5789 0.6173 0.6546 0.6899 0.715 0.7509 0.7748 0.8028 0.8096 0.8366 0.8623 0.884 0.9034 0.9188 0.9318 0.9428 0.9521 0.96 0.9666 0.9722 0.977 0.9809 0.9842 0.9866 0.9889 0.9909 0.9925 0.9938 0.9949 0.9958 0.9966 0.9972 0.9977 0.9981 0.9985 0.9988 0.999 0.9992 0.9993 0.9995 0.9996 0.9996 0.9997 0.9998 0.9998 0.9999 0.9999 0.9999 0.9999 0.9999 1.0 1.0 1.0 1.0 1.0 1.0 1.0 1.0 1.0 1.0 1.0 1.0 1.0 1.0 1.0 1.0 1.0 1.0 1.0 1.0 1.0 1.0 1.0 1.0 1.0 1.0 1.0 1.0
0.0 1.383782 2.306304 3.228826 4.151347 5.073869 5.996391 6.918912 7.841434 8.763956 9.686477 10.609 11.53152 12.45404 13.37656 14.29909 15.22161 16.14413 17.06665 17.98917 18.91169 19.83422 20.75674 21.67926 22.60178 23.5243 24.44682 25.36934 26.29187 27.21439 28.13691 29.05943 29.98195 30.90447 31.827 32.74952 33.67204 34.59456 35.51708 36.4396 37.36213 38.28465 39.20717 40.12969 41.05221 41.97473 42.89726 43.81978 44.7423 45.66482 46.58734 47.50986 48.43239 49.35491 50.27743 51.19995 52.12247 53.04499 53.96752 54.89004 55.81256 56.73508 57.6576 58.58012 59.50265 60.42517 61.34769 62.27021 63.19273 64.11525 65.03778 65.9603 66.88282 67.80534 68.72786 69.65038 70.5729 71.49543 72.41795 73.34047 74.26299 75.18551 76.10803 77.03056 77.95308 78.8756 79.79812 80.72064 81.64316 82.56569 83.48821 84.41073 85.33325 86.25577 87.17829 88.10082 89.02334 89.94586 90.86838 91.7909 92.71342 93.63595 94.55847 95.48099 96.40351 97.32603 98.24855
0.04309357928649982 0.11469138329736486 0.16006308026973168 0.20133731113545406 0.24056980626054977 0.275382110735894 0.30679609608675257 0.3344927508221422 0.35884483144894147 0.3813505544991583 0.40266068418945816 0.42262045032940604 0.44133643824773733 0.4589010690159733 0.4754362702188334 0.49109822564527716 0.5059248385837372 0.519854645770375 0.5328843393846436 0.5449498834133907 0.5561421251217804 0.5665768476529462 0.5763655839304588 0.5857121541287497 0.5945010389764098 0.6028055797344779 0.6108358324316762 0.6184922957526741 0.6260536267201808 0.6333208490907084 0.6403199532867252 0.6470963195904588 0.6536888181917322 0.6601328927175459 0.6664611859850239 0.6726921473397072 0.6788378866089538 0.6849085703933512 0.6909139666587023 0.6968611302040427 0.7027557436954402 0.7086030619498094 0.7144090258505484 0.7201720936328669 0.7258938061191562 0.7315757069590051 0.7372185095484687 0.7428223561897985 0.7483877906472269 0.7539152115555378 0.7594054482258654 0.764859042537644 0.7702753376387594 0.7756528775227315 0.7809886625334916 0.7862805232685044 0.7915344854270795 0.796755888642043 0.8019486466965092 0.807115358726965 0.8122573092232694 0.8173744981854226 0.8224656693955357 0.8275282519890924 0.8325591049501718 0.8375592564361006 0.8425308485198427 0.8474760506039333 0.8523970914620459 0.8572964269860167 0.8621765705540221 0.8670397782693068 0.8718843651224298 0.8767086743759208 0.8815151053776749 0.8863063712944599 0.8910818143317624 0.8958317249525183 0.900559502389979 0.9052688870258401 0.9099638491871568 0.9146122021779289 0.9192168872254861 0.9237824740226581 0.9283133890176242 0.9327640511971663 0.9371133838072866 0.9413647276524977 0.9455225101233776 0.949552145176031 0.9533965130636852 0.9570572987957815 0.9605355305296461 0.9638219265773688 0.966840632299734 0.969589106046595 0.9720653970519882 0.9742689257405189 0.97743565690356 0.9798074735540145 0.9844700492307397 0.9844700492309563 0.9867778496586374 0.9867778496586374 0.9867778496586374 1.0 1.0
0.06162 0.1573 0.1366 0.1224 0.1276 0.143 0.1579 0.1772 0.1987 0.2161 0.232 0.2519 0.2733 0.2968 0.3224 0.3486 0.3766 0.4083 0.4418 0.4799 0.5184 0.5568 0.5944 0.6226 0.6616 0.6997 0.7231 0.758 0.7668 0.7965 0.8251 0.8503 0.8725 0.8919 0.9079 0.9216 0.9336 0.9438 0.9526 0.96 0.9664 0.9718 0.9759 0.9798 0.9831 0.9859 0.9882 0.9901 0.9918 0.9932 0.9943 0.9953 0.9961 0.9967 0.9973 0.9978 0.9982 0.9985 0.9987 0.9989 0.9991 0.9993 0.9994 0.9995 0.9996 0.9997 0.9997 0.9998 0.9998 0.9999 0.9999 0.9999 0.9999 0.9999 1.0 1.0 1.0 1.0 1.0 1.0 1.0 1.0 1.0 1.0 1.0 1.0 1.0 1.0 1.0 1.0 1.0 1.0 1.0 1.0 1.0 1.0 1.0 1.0 1.0 1.0 1.0 1.0 1.0 1.0 1.0 1.0 1.0
0.0 1.383782 2.306304 3.228826 4.151347 5.073869 5.996391 6.918912 7.841434 8.763956 9.686477 10.609 11.53152 12.45404 13.37656 14.29909 15.22161 16.14413 17.06665 17.98917 18.91169 19.83422 20.75674 21.67926 22.60178 23.5243 24.44682 25.36934 26.29187 27.21439 28.13691 29.05943 29.98195 30.90447 31.827 32.74952 33.67204 34.59456 35.51708 36.4396 37.36213 38.28465 39.20717 40.12969 41.05221 41.97473 42.89726 43.81978 44.7423 45.66482 46.58734 47.50986 48.43239 49.35491 50.27743 51.19995 52.12247 53.04499 53.96752 54.89004 55.81256 56.73508 57.6576 58.58012 59.50265 60.42517 61.34769 62.27021 63.19273 64.11525 65.03778 65.9603 66.88282 67.80534 68.72786 69.65038 70.5729 71.49543 72.41795 73.34047 74.26299 75.18551 76.10803 77.03056 77.95308 78.8756 79.79812 80.72064 81.64316 82.56569 83.48821 84.41073 85.33325 86.25577 87.17829 88.10082 89.02334 89.94586 90.86838 91.7909 92.71342 93.63595 94.55847 95.48099 96.40351 97.32603 98.24855 99.17108 100.0936 101.0161 101.9386 102.8612 103.7837 104.7062 105.6287 106.5512
0.04109401792968239 0.1125947867684487 0.15757313989325028 0.19855506560584676 0.23689614914705076 0.2709839233557415 0.3017596578169866 0.3290652597616523 0.35318322869132435 0.3755113185886537 0.39673315452226493 0.41665698593064365 0.435393125639894 0.4529350680459503 0.46946092171279974 0.48512638805873287 0.49987157033546287 0.5138150757789086 0.5267956294286568 0.5387989773273186 0.5498759968762996 0.5601607072852604 0.569766857770296 0.5787688466454568 0.5873658903825666 0.5954428708583939 0.6031869988337574 0.6105665418361487 0.6178806955151275 0.6248481221513682 0.6315159134684254 0.6379349515750882 0.6441472997678032 0.6501916141388042 0.6561043806765083 0.661907497187712 0.6676149756702897 0.6732392615048698 0.67879219658551 0.6842825997245525 0.6897176967557461 0.6951043566931665 0.700447771780869 0.7057560189475484 0.7110287423150081 0.7162685507152114 0.7214768742512808 0.7266541516513632 0.7318010419491553 0.7369185346366794 0.7420078931756803 0.7470697502385071 0.7521024299966159 0.757102936671116 0.7620674516324714 0.7669933105015934 0.7718846887276902 0.7767451309705752 0.7815764232115668 0.7863788394203877 0.7911518853217653 0.7958941326955304 0.8006039876216132 0.8052789504793488 0.8099156140645238 0.8145146374108354 0.8190776690440024 0.8236063301869195 0.8281022966681304 0.8325672170133542 0.837002795295436 0.8414107619485685 0.8457927928012954 0.8501506455906342 0.85448602438943 0.8588007151790016 0.8630966404547905 0.8673758065036656 0.8716405208850432 0.8758932295554155 0.880136349285497 0.8843702651392622 0.8885925321016952 0.8928057872490606 0.8970129981159481 0.9012174617537961 0.9054078860909454 0.9095878148457321 0.913761012042043 0.9179315994649137 0.9220789164079447 0.9261981538081018 0.9302936264531464 0.9343686850586893 0.9383967074878035 0.9423428562777907 0.9462088345600195 0.9499971701994558 0.95369560987672 0.9572309613094273 0.9606034175003033 0.9638127025966722 0.9668589822984348 0.9696719490078461 0.9722404546991835 0.9745620119909794 0.9766352387954235 0.9796042609183682 0.981005166965044 0.9859976513164984 0.985997651320706 0.9881761163917877 0.9881761163917877 0.9881761163917877 1.0 1.0
0.05735 0.1389 0.1209 0.1092 0.1155 0.129 0.1422 0.1584 0.1767 0.1917 0.2048 0.2217 0.2397 0.2608 0.2831 0.306 0.3326 0.3586 0.3904 0.4253 0.4626 0.4998 0.5368 0.574 0.6015 0.6409 0.6691 0.7028 0.7094 0.7445 0.7773 0.8068 0.8333 0.8568 0.8765 0.8935 0.9086 0.9218 0.9332 0.943 0.9515 0.9588 0.9651 0.9699 0.9745 0.9784 0.9818 0.9846 0.9871 0.9891 0.9908 0.9923 0.9935 0.9946 0.9955 0.9962 0.9968 0.9973 0.9977 0.9981 0.9984 0.9986 0.9989 0.9991 0.9992 0.9994 0.9995 0.9996 0.9996 0.9997 0.9998 0.9998 0.9998 0.9999 0.9999 0.9999 0.9999 0.9999 1.0 1.0 1.0 1.0 1.0 1.0 1.0 1.0 1.0 1.0 1.0 1.0 1.0 1.0 1.0 1.0 1.0 1.0 1.0 1.0 1.0 1.0 1.0 1.0 1.0 1.0 1.0 1.0 1.0 1.0 1.0 1.0 1.0 1.0 1.0 1.0 1.0 1.0
0.0 1.383782 2.306304 3.228826 4.151347 5.073869 5.996391 6.918912 7.841434 8.763956 9.686477 10.609 11.53152 12.45404 13.37656 14.29909 15.22161 16.14413 17.06665 17.98917 18.91169 19.83422 20.75674 21.67926 22.60178 23.5243 24.44682 25.36934 26.29187 27.21439 28.13691 29.05943 29.98195 30.90447 31.827 32.74952 33.67204 34.59456 35.51708 36.4396 37.36213 38.28465 39.20717 40.12969 41.05221 41.97473 42.89726 43.81978 44.7423 45.66482 46.58734 47.50986 48.43239 49.35491 50.27743 51.19995 52.12247 53.04499 53.96752 54.89004 55.81256 56.73508 57.6576 58.58012 59.50265 60.42517 61.34769 62.27021 63.19273 64.11525 65.03778 65.9603 66.88282 67.80534 68.72786 69.65038 70.5729 71.49543 72.41795 73.34047 74.26299 75.18551 76.10803 77.03056 77.95308 78.8756 79.79812 80.72064 81.64316 82.56569 83.48821 84.41073 85.33325 86.25577 87.17829 88.10082 89.02334 89.94586 90.86838 91.7909 92.71342 93.63595 94.55847 95.48099 96.40351 97.32603 98.24855 99.17108 100.0936 101.0161 101.9386 102.8612 103.7837 104.7062 105.6287 106.5512 107.4738 108.3963 109.3188 110.2413 111.1639 112.0864 113.0089 113.9314 114.8539 115.7765
0.040657724958988346 0.11132176772117744 0.15617891781914897 0.19570494729898505 0.2333591375841511 0.266882700553316 0.2973475042177329 0.32432000651573456 0.34823428603599754 0.370460284488006 0.39163057662831796 0.4115841008138843 0.43035314279280046 0.4479371377997935 0.4645078215415684 0.4802017260228253 0.4949629300688022 0.508890549984876 0.5218160504008877 0.533726667621672 0.5446786240301364 0.5548124144006453 0.5642313907781217 0.5730205098612778 0.5813650626646414 0.5891689666136258 0.5966073431827467 0.6036656524900553 0.6106429791636213 0.6172696374316511 0.6235883696712659 0.6296487876878548 0.6354935802058385 0.6411649295434424 0.6466970030583958 0.6521117164671097 0.6574255279709093 0.6626512728018941 0.6678012280158196 0.6728854596123982 0.6779123289414937 0.6828893464399588 0.6878221042252698 0.692719523706186 0.6975810984765128 0.7024101314718206 0.7072088328068772 0.7119785334451754 0.7167205389357707 0.7214363402589833 0.7261278011402135 0.7307964662124825 0.7354426818651576 0.7400651434904586 0.7446611082117106 0.7492284186255714 0.7537705903958644 0.7582904454664026 0.7627896884870342 0.7672687722112532 0.7717272175298532 0.7761629206921926 0.7805726860681033 0.7849530780021753 0.7893002890351947 0.7936139191250933 0.7978944210253647 0.8021419011001352 0.8063560666127385 0.8105369448601629 0.8146846412652591 0.8188001686404164 0.8228846979323005 0.8269391619448869 0.8309647852775423 0.8349629261907474 0.8389350229533973 0.8428826192572375 0.8468073670406909 0.8507109700123308 0.854595240127407 0.8584620401700446 0.8623133148153328 0.8661510878054991 0.8699775428995985 0.8737948902123984 0.8776055008167694 0.8814119302755705 0.885216921465477 0.8890232172631637 0.8928330814360991 0.8966435320236427 0.9004571245886539 0.9042762302040032 0.9081033507798489 0.9119305786610966 0.915757406500276 0.9195864444542232 0.9234205163493018 0.9272466250540339 0.931051936277595 0.9348395110477636 0.9386119604626512 0.9423581784131679 0.946031748724093 0.9496337642162294 0.953165901301162 0.9566306637715999 0.9599502109712683 0.9631199362980919 0.9661391733290491 0.9690077629885877 0.9716769180286168 0.9741199184628045 0.9763340844799315 0.9783176107136756 0.9811478000997654 0.9824533058567247 0.9831732912171053 0.98754673277322 0.9893256163103639 0.9893256163103639 0.9893256163103639 0.9893256163103639 1.0 1.0
0.05105 0.1289 0.11 0.1028 0.1065 0.1186 0.1297 0.1446 0.1606 0.1732 0.1842 0.1982 0.2139 0.2323 0.2517 0.2719 0.2955 0.319 0.3483 0.3807 0.4157 0.4508 0.4868 0.5231 0.5519 0.5913 0.6217 0.6566 0.6655 0.7016 0.7362 0.7681 0.7973 0.8232 0.8456 0.8655 0.8831 0.8988 0.9126 0.9246 0.9352 0.9444 0.9524 0.9585 0.9645 0.9697 0.9741 0.9779 0.9812 0.984 0.9864 0.9885 0.9902 0.9917 0.993 0.9941 0.995 0.9957 0.9964 0.9969 0.9974 0.9978 0.9981 0.9984 0.9987 0.9989 0.9991 0.9992 0.9993 0.9995 0.9995 0.9996 0.9997 0.9997 0.9998 0.9998 0.9999 0.9999 0.9999 0.9999 0.9999 0.9999 1.0 1.0 1.0 1.0 1.0 1.0 1.0 1.0 1.0 1.0 1.0 1.0 1.0 1.0 1.0 1.0 1.0 1.0 1.0 1.0 1.0 1.0 1.0 1.0 1.0 1.0 1.0 1.0 1.0 1.0 1.0 1.0 1.0 1.0 1.0 1.0 1.0 1.0 1.0 1.0 1.0 1.0 1.0 1.0
0.0 1.383782 2.306304 3.228826 4.151347 5.073869 5.996391 6.918912 7.841434 8.763956 9.686477 10.609 11.53152 12.45404 13.37656 14.29909 15.22161 16.14413 17.06665 17.98917 18.91169 19.83422 20.75674 21.67926 22.60178 23.5243 24.44682 25.36934 26.29187 27.21439 28.13691 29.05943 29.98195 30.90447 31.827 32.74952 33.67204 34.59456 35.51708 36.4396 37.36213 38.28465 39.20717 40.12969 41.05221 41.97473 42.89726 43.81978 44.7423 45.66482 46.58734 47.50986 48.43239 49.35491 50.27743 51.19995 52.12247 53.04499 53.96752 54.89004 55.81256 56.73508 57.6576 58.58012 59.50265 60.42517 61.34769 62.27021 63.19273 64.11525 65.03778 65.9603 66.88282 67.80534 68.72786 69.65038 70.5729 71.49543 72.41795 73.34047 74.26299 75.18551 76.10803 77.03056 77.95308 78.8756 79.79812 80.72064 81.64316 82.56569 83.48821 84.41073 85.33325 86.25577 87.17829 88.10082 89.02334 89.94586 90.86838 91.7909 92.71342 93.63595 94.55847 95.48099 96.40351 97.32603 98.24855 99.17108 100.0936 101.0161 101.9386 102.8612 103.7837 104.7062 105.6287 106.5512 107.4738 108.3963 109.3188 110.2413 111.1639 112.0864 113.0089 113.9314 114.8539 115.7765 116.699 117.6215 118.544 119.4666 120.3891 121.3116 122.2341 123.1566 124.0792
0.03971847111738391 0.10873513461595222 0.15192746790227887 0.19076065357137278 0.22801457919255588 0.2612398656455522 0.2915099574060214 0.31829074777739114 0.3421360917335702 0.36430848657765774 0.38549875508797526 0.40549445510051413 0.42431917352870074 0.4419692410880372 0.45860878769664265 0.47430433089656937 0.4891198103222993 0.5030321565236044 0.5159698372696185 0.5278581402829107 0.5387604689179208 0.5488110625367426 0.5581183419103947 0.5667656261405613 0.5749365139925705 0.5825416659156352 0.5897475404122675 0.5965464432751276 0.6032387092037405 0.6095713419728156 0.6155790153800161 0.6213162898041422 0.6268255586529353 0.6321542657749538 0.6373344402604959 0.6423888232058693 0.6473353395362673 0.6521877547136105 0.6569601992465844 0.661663192691592 0.6663061030142093 0.6708974881148959 0.6754435754280345 0.6799542306247135 0.6844291658072262 0.6888720446150175 0.69328556256093 0.6976714987775242 0.7020316587409415 0.7063680577351292 0.7106828418210975 0.7149775022337003 0.7192523014679051 0.7235062177691057 0.7277370279272335 0.7319432134230113 0.7361283334624023 0.7402952133944698 0.7444455288591347 0.7485799864288732 0.7526986641935862 0.7568009082679594 0.7608850956992341 0.7649485319154096 0.7689879719518108 0.7730028400130242 0.7769931878453697 0.7809590417924281 0.7849003501078797 0.7888171381944633 0.7927089883182515 0.7965751929659256 0.8004156477040039 0.8042303525324863 0.8080195172591788 0.8117834815281078 0.8155224814906603 0.8192363600261925 0.8229252996580871 0.826589562881312 0.8302301168816272 0.8338483230576655 0.837445463777317 0.8410229521855345 0.8445824893249775 0.8481258543282064 0.8516549044176825 0.8551715767874523 0.8586778867214628 0.8621759012499817 0.8656677927775998 0.8691557845143861 0.872641997118612 0.8761281052893561 0.8796158100692779 0.8831067852166137 0.8866028108047661 0.8901057449970387 0.8936174459567348 0.8971395620393519 0.9006690308035975 0.9042065070756284 0.9077537709288469 0.9113128367063582 0.9148788374315706 0.9184481085241972 0.922022717955347 0.9256049425630934 0.9291889472442423 0.932755575511188 0.9363073920997104 0.9398466484451438 0.9433757512217819 0.946838412664584 0.9502352603152839 0.9535674457647084 0.9568368789224807 0.9599882401501626 0.9629992343106393 0.9658690494571103 0.9685970317042614 0.9711526112080137 0.9734954672359459 0.9756228468838425 0.9775327903774446 0.9792172431668581 0.9823450786358552 0.9835605874580109 0.9884852800132258 0.988485280013233 0.9902211874614136 0.9902211874614136 0.9902211874614136 1.0 1.0
0.04816 0.1251 0.106 0.09622 0.09879 0.1096 0.1193 0.133 0.1469 0.1581 0.1673 0.1794 0.1931 0.2091 0.2261 0.2448 0.2647 0.2869 0.3122 0.342 0.3743 0.4072 0.4413 0.4761 0.5047 0.5433 0.5746 0.6104 0.6215 0.6578 0.6941 0.7277 0.7591 0.7869 0.8117 0.8342 0.8544 0.8727 0.8889 0.9033 0.9161 0.9273 0.9372 0.9449 0.9524 0.959 0.9647 0.9697 0.974 0.9777 0.9808 0.9836 0.986 0.988 0.9898 0.9913 0.9925 0.9936 0.9945 0.9952 0.9959 0.9965 0.997 0.9974 0.9978 0.9982 0.9985 0.9987 0.9989 0.9991 0.9992 0.9994 0.9995 0.9995 0.9996 0.9997 0.9997 0.9998 0.9998 0.9998 0.9999 0.9999 0.9999 0.9999 0.9999 0.9999 1.0 1.0 1.0 1.0 1.0 1.0 1.0 1.0 1.0 1.0 1.0 1.0 1.0 1.0 1.0 1.0 1.0 1.0 1.0 1.0 1.0 1.0 1.0 1.0 1.0 1.0 1.0 1.0 1.0 1.0 1.0 1.0 1.0 1.0 1.0 1.0 1.0 1.0 1.0 1.0 1.0 1.0 1.0 1.0 1.0 1.0 1.0 1.0 1.0
