0.25 0.5 1.0 2.0 3.0 4.0 5.0 6.0 7.0 8.0 9.0 10.0 12.0 14.0 16.0 18.0 20.0 22.0 24.0 26.0 28.0 30.0 35.0 40.0 45.0 50.0 55.0 60.0 70.0 80.0 100.0 120.0 140.0 160.0 200.0
0.0 0.7311801
1.0 1.0
0.0 0.0
0.0 0.7311801
1.0 1.0
0.0 0.0
0.0 0.7311801 0.9017019000000001
0.46287309349102457 1.0 1.0
0.0 0.0 0.0
0.0 0.7311801 1.205972 1.680765 1.803404
0.04459001007875596 0.16931956540516863 0.5937906846680224 1.0 1.0
0.0 0.0 0.0 0.0 0.0
0.0 0.7311801 1.205972 1.680765 2.155557 2.63035 2.705106
5.6276814934320825e-06 0.04636130153681318 0.32196513674799293 0.4373645065237252 0.7430433537384353 1.0 1.0
0.0 0.0 0.0 0.0 0.0 0.0 0.0
0.0 0.7311801 1.205972 1.680765 2.155557 2.63035 3.105142 3.579934 3.606808
6.017278839948165e-08 0.001919159160188699 0.0034252009663500835 0.17762027768503716 0.47478684078653577 0.5894135456613901 0.8240368543854613 1.0 1.0
0.0 0.0 0.0 0.0 0.0 0.0 0.0 0.0 0.0
0.0 0.7311801 1.205972 1.680765 2.155557 2.63035 3.105142 3.579934 4.054726 4.508509
8.490337824275657e-08 5.640353642631165e-07 4.961772219527054e-05 0.012736148340020856 0.02693154112389113 0.3142949915151785 0.6424644149754285 0.7771603528230896 1.0 1.0
0.0 0.0 0.0 0.0 0.0 0.0 0.0 0.0 0.0 0.0
0.0 0.7311801 1.205972 1.680765 2.155557 2.63035 3.105142 3.579934 4.054726 4.529518 5.00431 5.410212
2.0723972112639055e-05 0.03896161023900638 0.04816969344160629 0.0518374856670094 0.05457263258509224 0.07939633092913223 0.11333099630186694 0.41434227686640807 0.6903680296129243 0.8176875647215626 1.0 1.0
0.0 0.0 0.0 0.0 0.0 0.0 0.0 0.0 0.0 0.0 0.0 0.0
0.0 0.07121883999999999 0.1424377 0.2373962 0.3323546 0.4273131 0.5222715 0.8071469 1.281939 1.756731 2.231524 2.706316 3.181108 3.655901 4.130693 4.605486 5.080278 5.55507 6.029862 6.311913
4.483758711400698e-14 1.5684905373873465e-09 0.0008098679312128965 0.004408257370198216 0.009618098032288297 0.014745450985364741 0.0200889614621591 0.04313875886637672 0.0698643640809942 0.24927883028659514 0.3811030850676731 0.3837394777978652 0.3971835440480594 0.4147961338696905 0.4688338558084464 0.6804078571836333 0.8112059141084329 0.897267627190929 1.0 1.0
1.0 0.07377359 0.0004006664 0.002825092 0.01439914 0.0546961 0.1336372 0.269584 0.269584 0.269584 0.269584 0.269584 0.269584 0.269584 0.269584 0.269584 0.269584 0.269584 0.269584 0.0
0.0 0.07121883999999999 0.1424377 0.2373962 0.3323546 0.4273131 0.5222715 0.61723 0.7121885 0.8071469 0.9021054000000001 0.9970638000000001 1.092022 1.186981 1.281939 1.376898 1.471856 1.756731 2.231524 2.706316 3.181108 3.655901 4.130693 4.605486 5.080278 5.55507 6.029862 6.504654 6.979447 7.213616
3.528242387849615e-14 7.771941767107375e-11 0.0022093515898639234 0.012044150833875332 0.029563543148198125 0.04836162695575582 0.06661813614150576 0.08419714516745605 0.10169278888226622 0.11997677954797513 0.13940736078367547 0.16055683467413076 0.18380405330222116 0.2096674389632053 0.23837871956063245 0.2703809117934481 0.30577574547442116 0.3766069049668484 0.4004748896171418 0.5426569539881503 0.6553615411165439 0.6594717141626335 0.6724929255589901 0.6845368138139124 0.7233326967446531 0.8347003622674427 0.8995311104957019 0.9478598456869017 1.0 1.0
1.0 0.999975 9.913643e-05 0.0007016305 0.002923391 0.01025118 0.02705402 0.05654347 0.09713601 0.14168 0.187034 0.2270447 0.2600009 0.2849377 0.3036588 0.3160943 0.3254868 0.3513886 0.3513886 0.3513886 0.3513886 0.3513886 0.3513886 0.3513886 0.3513886 0.3513886 0.3513886 0.3513886 0.3513886 0.0
0.0 0.07121883999999999 0.1424377 0.2373962 0.3323546 0.4273131 0.5222715 0.61723 0.7121885 0.8071469 0.9021054000000001 0.9970638000000001 1.092022 1.186981 1.281939 1.376898 1.471856 1.566815 1.661773 1.756731 1.85169 1.994128 2.184045 2.5164 2.991192 3.465984 3.940776 4.41557 4.890362 5.365154 5.839946 6.314739 6.789531 7.264323 7.739115 8.115318
2.76309691337237e-14 5.1680964667716815e-11 0.002170763866752651 0.012238773376981005 0.029868782310176246 0.0499194934765295 0.07058894493469423 0.09190951189120439 0.11373126318134662 0.13635356930329715 0.1598401030623277 0.1843704961518736 0.2100664270707089 0.2370544318419816 0.26558979022642126 0.2955550788945002 0.32702901847728044 0.3601084555215757 0.39493010806265966 0.43166213817868015 0.47012779056008874 0.5128599132544664 0.5600798579555436 0.6214455601975379 0.6567354471415621 0.7488680124662046 0.8042986101692442 0.8256207382755105 0.8304420273962971 0.8410273743047131 0.853062029095422 0.9027254909208707 0.9469890877104542 0.9712009316461481 1.0 1.0
1.0 0.9990153 6.73055e-05 0.0004591481 0.001954719 0.006495836 0.0162257 0.03180695 0.05340239 0.07893685 0.1071693 0.1361183 0.1646907 0.1919698 0.2164525 0.2406086 0.2629609 0.2832656 0.3011067 0.3162325 0.3317716 0.3510852 0.3625427 0.3419711 0.3419711 0.3419711 0.3419711 0.3419711 0.3419711 0.3419711 0.3419711 0.3419711 0.3419711 0.3419711 0.3419711 0.0
0.0 0.07121883999999999 0.1424377 0.2373962 0.3323546 0.4273131 0.5222715 0.61723 0.7121885 0.8071469 0.9021054000000001 0.9970638000000001 1.092022 1.186981 1.281939 1.376898 1.471856 1.566815 1.661773 1.756731 1.85169 1.994128 2.184045 2.373962 2.563878 2.753796 2.943713 3.13363 3.465985 3.940777 4.41557 4.890362 5.365154 5.839946 6.314739 6.789531 7.264323 7.739115 8.213907 8.6887 9.017018
2.4289746460069377e-14 1.8103245195675546e-09 0.0013459498562217115 0.007622682670765407 0.021157721244050662 0.03608159894042977 0.05189237057828003 0.06845543695656761 0.0858021779987443 0.10431022396405014 0.12396943631231268 0.14491134644958786 0.16711925274620976 0.1907652480558479 0.21583700290319924 0.24237546980079538 0.27042548762060165 0.2999594389208929 0.33110280453188196 0.3636375839790896 0.3975347267257496 0.4353116220949836 0.4760978470223949 0.518819503237491 0.5631792842436006 0.6088961090946879 0.6556509319709998 0.7031111533742586 0.7610111078060552 0.7917843705502321 0.8524262730111736 0.8921802808730178 0.9036394278417635 0.9076253655199624 0.9137550214907157 0.922163361730229 0.9496381254846213 0.9715003789732177 0.9848707014888334 1.0 1.0
1.0 0.02297173 8.735553e-05 0.00056635 0.001958174 0.00671341 0.01632242 0.03151523 0.04788112 0.06902204 0.09194998 0.1149976 0.1379696 0.159385 0.1798375 0.1991118 0.2172122 0.2346385 0.2505365 0.2666107 0.2821659 0.3008415 0.3219223 0.3461586 0.3671045 0.3844933 0.3979761 0.4074102 0.3102275 0.1984826 0.1984826 0.1984826 0.1984826 0.1984826 0.1984826 0.1984826 0.1984826 0.1984826 0.1984826 0.1984826 0.0
0.0 0.07121883999999999 0.1424377 0.2373962 0.3323546 0.4273131 0.5222715 0.61723 0.7121885 0.8071469 0.9021054000000001 0.9970638000000001 1.092022 1.186981 1.281939 1.376898 1.471856 1.566815 1.661773 1.756731 1.85169 1.994128 2.184045 2.373962 2.563878 2.753796 2.943713 3.13363 3.323547 3.513464 3.70338 4.035735 4.510526 4.985319 5.460112 5.934904 6.409696 6.884488 7.35928 7.834073 8.308866 8.783658 9.25845 9.733242 10.20804 10.68283 10.82042
2.4038266475545114e-14 2.1831529574823594e-09 0.00024024494519752097 0.004398725623521268 0.012093790584353286 0.02110577514726151 0.03093355837868355 0.04176779257769024 0.053610614746171265 0.06663947777107575 0.08082024971783505 0.09620463208998478 0.11307781728481746 0.13152077820295596 0.15158223800671955 0.1732905931002958 0.196692677238259 0.2218077138223097 0.2486560055723131 0.2773358449598877 0.30810472989551957 0.34268877618001814 0.38095743198815474 0.42197570490709657 0.4646593970039971 0.5093649717324222 0.5555998369357551 0.6027148632660899 0.6498333991833303 0.6964192471154725 0.7419579160451406 0.7849245625767247 0.8241924410457168 0.8605925783624427 0.8871112333642669 0.904316951918389 0.9341934402493828 0.9554666834891384 0.958396371254112 0.9616230590128709 0.964180526240604 0.9707766530035867 0.9822741462435334 0.9889409887788339 0.994856952791891 1.0 1.0
1.0 0.0206594 0.0005262464 0.0009526585 0.003802328 0.01216164 0.02846699 0.05177765 0.06975917 0.09703282 0.1256163 0.1381439 0.1605625 0.1809573 0.1995108 0.2166454 0.2323729 0.2467202 0.2604079 0.2719372 0.2802612 0.289015 0.3043461 0.3231495 0.3289321 0.3445286 0.3591289 0.3734624 0.3909525 0.4089779 0.4276942 0.46223 0.495092 0.5150099 0.9983708 0.9983708 0.9983708 0.9983708 0.9983708 0.9983708 0.9983708 0.9983708 0.9983708 0.9983708 0.9983708 0.9983708 0.0
0.0 0.07121883999999999 0.1424377 0.2373962 0.3323546 0.4273131 0.5222715 0.61723 0.7121885 0.8071469 0.9021054000000001 0.9970638000000001 1.092022 1.186981 1.281939 1.376898 1.471856 1.566815 1.661773 1.756731 1.85169 1.994128 2.184045 2.373962 2.563878 2.753796 2.943713 3.13363 3.323547 3.513464 3.70338 4.035735 4.510526 4.985319 5.460112 5.934904 6.409696 6.884488 7.35928 7.834073 8.308866 8.783658 9.25845 9.733242 10.20804 10.68283 11.15762 11.63241 12.1072 12.582 12.62383
4.511531030710098e-05 9.112302831943603e-05 0.0005287306113817287 0.0030472432203571312 0.007708244185816546 0.013699703943833776 0.020872293966815336 0.029472970282738317 0.03971643780389425 0.051716842957506635 0.06553092600761122 0.08113995436261962 0.0984915148174644 0.11765105060386274 0.13848319393706013 0.1608643446787062 0.18476115130833912 0.20995810932047715 0.2363316751396322 0.26384146031106065 0.29280673648223 0.3248928942929136 0.36024041532482864 0.3983629875138868 0.43763219176396567 0.47747229526770985 0.5190094646141329 0.561662567813566 0.6044752554159489 0.6472962217645458 0.6899268797917902 0.7311744215726858 0.7698986683545957 0.8060816485735341 0.8390712695579985 0.8686475531943043 0.8951250147074049 0.9206259209733971 0.9352366533738483 0.950111428928779 0.9685674795411686 0.9805713633108144 0.9822939184360909 0.9839314590650762 0.985213456339812 0.9886422559177004 0.993142289261122 0.9956811598726663 0.99818453548837 1.0 1.0
0.3801825 0.0005435999 0.0002655669 0.001322702 0.00526496 0.01540256 0.03300483 0.05547246 0.07980198 0.104125 0.1273348 0.1493171 0.1701216 0.1885762 0.206808 0.2248942 0.2421073 0.2604448 0.2790997 0.29725 0.3109561 0.3330037 0.34929 0.365508 0.3653053 0.3714437 0.3857071 0.4004814 0.4197623 0.4367328 0.4521417 0.4764903 0.4968702 0.527062 0.5621807 0.6007039 0.6330155 0.6379864 0.9994134 0.9994134 0.9994134 0.9994134 0.9994134 0.9994134 0.9994134 0.9994134 0.9994134 0.9994134 0.9994134 0.9994134 0.0
0.0 0.07121883999999999 0.1424377 0.2373962 0.3323546 0.4273131 0.5222715 0.61723 0.7121885 0.8071469 0.9021054000000001 0.9970638000000001 1.092022 1.186981 1.281939 1.376898 1.471856 1.566815 1.661773 1.756731 1.85169 1.994128 2.184045 2.373962 2.563878 2.753796 2.943713 3.13363 3.323547 3.513464 3.70338 4.035735 4.510526 4.985319 5.460112 5.934904 6.409696 6.884488 7.35928 7.834073 8.308866 8.783658 9.25845 9.733242 10.20804 10.68283 11.15762 11.63241 12.1072 12.582 13.05679 13.53158 14.00637 14.42723
5.07831900586414e-05 0.0001036198200699383 0.00047908584518361463 0.001985619890981469 0.0047974282499223765 0.00859111648376586 0.013497959578009812 0.019875373904741436 0.028054652860830573 0.03823261161755908 0.050557577548556276 0.06506633531649864 0.08182848307060117 0.10075130305275569 0.12171826622753416 0.14443235491899778 0.16905174028374564 0.19538232122584312 0.22345680077527394 0.2530685725761459 0.284222738669325 0.31862104007705094 0.35619075956739377 0.3953510008489341 0.4357055930783471 0.4764844699742072 0.5173819824697911 0.5580349125939648 0.5973225208028964 0.6352186920111224 0.6723020344716956 0.7080057745624379 0.7406069215238944 0.7718416683037402 0.8011406376610045 0.828183821176836 0.8534582349510715 0.8777132136217622 0.9001885031314366 0.9199023945498602 0.9372099268032735 0.9549781733468842 0.9630317080349708 0.9746391218866105 0.986634756339545 0.9932747232671905 0.9941699531307302 0.9948005674856988 0.9953629843857644 0.9967834583108006 0.9982532445127735 0.9991158010644027 1.0 1.0
0.01070704 0.1230434 0.0002421291 0.001690347 0.006643121 0.01855427 0.03689926 0.05739115 0.07693286 0.09486643 0.1107289 0.1251573 0.1377897 0.1500447 0.1621783 0.1756713 0.1871024 0.1992856 0.2105352 0.2226803 0.2341057 0.2535847 0.2704198 0.2952484 0.3193295 0.3457593 0.3710948 0.3961538 0.4296963 0.4620555 0.4853525 0.5238986 0.5424029 0.5700866 0.5924946 0.6144243 0.6454918 0.6513569 0.6720573 0.7231372 0.7625747 0.7628645 0.7628645 0.7628645 0.7628645 0.7628645 0.7628645 0.7628645 0.7628645 0.7628645 0.7628645 0.7628645 0.7628645 0.0
0.0 0.07121883999999999 0.1424377 0.2373962 0.3323546 0.4273131 0.5222715 0.61723 0.7121885 0.8071469 0.9021054000000001 0.9970638000000001 1.092022 1.186981 1.281939 1.376898 1.471856 1.566815 1.661773 1.756731 1.85169 1.994128 2.184045 2.373962 2.563878 2.753796 2.943713 3.13363 3.323547 3.513464 3.70338 4.035735 4.510526 4.985319 5.460112 5.934904 6.409696 6.884488 7.35928 7.834073 8.308866 8.783658 9.25845 9.733242 10.20804 10.68283 11.15762 11.63241 12.1072 12.582 13.05679 13.53158 14.00637 14.48116 14.95596 15.43075 15.90554 16.23064
1.527745407570733e-05 3.152197380653063e-05 0.00021975459041218806 0.00153721439701309 0.0042714098713162296 0.007971764478769475 0.012694422690916321 0.01872362950638665 0.026368057015701333 0.03581622367572554 0.04720532464415794 0.06062613462055333 0.076073543869987 0.09354036827393669 0.11290237893333256 0.1340048954334587 0.15696359596619336 0.18171192602997066 0.2081823892115124 0.23639250887987043 0.26553776176292526 0.29781201268671387 0.33288523865447445 0.3700650256661542 0.40882403927728594 0.44863282165861756 0.48909244869940516 0.5296407406664035 0.5694512380892922 0.6084355210477972 0.646041972286834 0.6810543278907606 0.7128751000485622 0.7419129858855699 0.768785882207327 0.7937140466286569 0.8170471461778699 0.8398376555796226 0.8612175079109631 0.8808878177073983 0.8990222860111984 0.9156293437488746 0.930562471925692 0.9439921511169966 0.9559186998305064 0.9679788148915631 0.974641715950919 0.9843408122467555 0.9933318903866584 0.9973675846197003 0.997831960705295 0.9980671100531809 0.9983247778967107 0.9988943344864816 0.9993768197775457 0.9996884825738673 1.0 1.0
0.0008391202 0.007692508 0.0004728352 0.001950061 0.006921173 0.01921719 0.0385879 0.06086121 0.08217527 0.09895296 0.1155626 0.1299589 0.1430417 0.1549054 0.1667274 0.1788518 0.1891124 0.1991222 0.2089791 0.2180345 0.2033636 0.2212249 0.2387894 0.2581264 0.2778615 0.297998 0.3177074 0.3386219 0.3638982 0.3879395 0.4161065 0.4720513 0.5324968 0.5874827 0.632093 0.658869 0.6828072 0.6888961 0.7096488 0.7332215 0.7668877 0.7947688 0.8266482 0.8496476 0.8640622 0.8307366 0.8307366 0.8307366 0.8307366 0.8307366 0.8307366 0.8307366 0.8307366 0.8307366 0.8307366 0.8307366 0.8307366 0.0
0.0 0.07121883999999999 0.1424377 0.2373962 0.3323546 0.4273131 0.5222715 0.61723 0.7121885 0.8071469 0.9021054000000001 0.9970638000000001 1.092022 1.186981 1.281939 1.376898 1.471856 1.566815 1.661773 1.756731 1.85169 1.994128 2.184045 2.373962 2.563878 2.753796 2.943713 3.13363 3.323547 3.513464 3.70338 4.035735 4.510526 4.985319 5.460112 5.934904 6.409696 6.884488 7.35928 7.834073 8.308866 8.783658 9.25845 9.733242 10.20804 10.68283 11.15762 11.63241 12.1072 12.582 13.05679 13.53158 14.00637 14.48116 14.95596 15.43075 15.90554 16.38034 16.85513 17.32992 17.80471 18.03404
1.5113468495797966e-06 3.176267951651196e-06 0.0002001324319947766 0.00172384797622814 0.004449690470402512 0.008178304997212794 0.012816455715983468 0.01864627057578869 0.02599197815060212 0.03506555932303267 0.046009075906189786 0.05887396514145968 0.07347320477704068 0.08988273187641733 0.10803820062925319 0.1279108327518702 0.14948007755479914 0.17278502103639223 0.19771576865915358 0.22426507237139395 0.25248239907035097 0.28353212363060193 0.3171790432563588 0.35275101726300895 0.38970538472427185 0.4277288327727568 0.46636362231498535 0.5051686214438739 0.5434661162156467 0.5811714381274636 0.6169140157896034 0.6508619477057094 0.6822150489692878 0.7110907802393649 0.7376392958139457 0.7621087408350972 0.7848702127345316 0.8063328675485795 0.8266810591201098 0.8457772292797812 0.8636411630976223 0.8804777172547565 0.8961170846776855 0.9104588003330529 0.9237641037071809 0.9358754742297262 0.9467969961426309 0.956607922317104 0.9652402252140284 0.9741587403019693 0.9805164525808276 0.989100521452996 0.996374035618207 0.9989527919216932 0.9991906600301587 0.9992779687941576 0.9993969750474295 0.9996168215438794 0.9997756690002679 0.9998924788827699 1.0 1.0
0.004517972 0.009912825 0.0004767683 0.001845011 0.007028515 0.01955292 0.04079448 0.06604935 0.0900951 0.1115951 0.1299257 0.1456868 0.1488966 0.1613341 0.1728103 0.183536 0.1931794 0.2017633 0.2094005 0.2173905 0.2241714 0.2397733 0.2549844 0.2720247 0.2854683 0.3023281 0.3195351 0.3372696 0.3581796 0.3775536 0.3866297 0.432817 0.4843463 0.5350647 0.5868378 0.6387534 0.6861676 0.7235108 0.7539554 0.7782939 0.8024049 0.8238617 0.8434089 0.8608929 0.8737643 0.8914679 0.907676 0.9203582 0.9281375 0.8762713 0.8762713 0.8762713 0.8762713 0.8762713 0.8762713 0.8762713 0.8762713 0.8762713 0.8762713 0.8762713 0.8762713 0.0
0.0 0.07121883999999999 0.1424377 0.2373962 0.3323546 0.4273131 0.5222715 0.61723 0.7121885 0.8071469 0.9021054000000001 0.9970638000000001 1.092022 1.186981 1.281939 1.376898 1.471856 1.566815 1.661773 1.756731 1.85169 1.994128 2.184045 2.373962 2.563878 2.753796 2.943713 3.13363 3.323547 3.513464 3.70338 4.035735 4.510526 4.985319 5.460112 5.934904 6.409696 6.884488 7.35928 7.834073 8.308866 8.783658 9.25845 9.733242 10.20804 10.68283 11.15762 11.63241 12.1072 12.582 13.05679 13.53158 14.00637 14.48116 14.95596 15.43075 15.90554 16.38034 16.85513 17.32992 17.80471 18.2795 18.7543 19.22909 19.70388 19.83744
3.1262786204939535e-07 1.0409966302355109e-06 0.00025362695341979723 0.002310820947016118 0.006178203172125868 0.011363203621314237 0.017175698317588806 0.02385499917924283 0.031855552268231384 0.041378485134511006 0.052526392911966265 0.06534626731965944 0.07983785803432585 0.09598372011396977 0.11365400771620558 0.13286538028588823 0.15358682938826787 0.17612120876895657 0.20006633238273497 0.22540453661441062 0.2522164428188773 0.28156457254985223 0.3129030599627594 0.3461306248401735 0.38081069765397074 0.41649842231278356 0.45246584725386685 0.488626826746831 0.5245294841397823 0.5598358542526417 0.5941786236605077 0.6268568584495452 0.656965625631616 0.6846869735202634 0.7098801024723139 0.7333241076830334 0.7552358151360792 0.7758523269995462 0.795356885657723 0.8138027639295196 0.8312522606577679 0.847749622637456 0.8634217148500248 0.87815806417195 0.8919940266064056 0.9049571377125041 0.9169527896825991 0.9279531880024763 0.9380541403050856 0.9472257343989398 0.955505141850201 0.9629453304862156 0.9707022787567859 0.9776624969896869 0.9840708617606124 0.9919224552434551 0.9979213343125815 0.9995835000676883 0.9997023711051498 0.9997349361477869 0.999788150845663 0.9998686102097544 0.9999207870731298 0.9999645384006902 0.9999999999999999 0.9999999999999999
3.537504e-06 0.001247441 0.000348443 0.001133568 0.00447104 0.01283452 0.02998375 0.05333535 0.07699076 0.0994028 0.1196332 0.1373368 0.1529734 0.1668802 0.1800957 0.1916679 0.2020293 0.2084799 0.2179624 0.2265226 0.2334143 0.2489375 0.2564912 0.2717343 0.2871601 0.3025659 0.3097716 0.3264446 0.344927 0.3629861 0.3840201 0.424768 0.4687675 0.5160187 0.5566815 0.6042331 0.6516926 0.6967846 0.7382742 0.7787813 0.8159387 0.8482651 0.8697481 0.8860202 0.8971909 0.9099262 0.9205877 0.9301555 0.9391668 0.9480268 0.9558524 0.9614742 0.9644194 0.9999447 0.9999447 0.9999447 0.9999447 0.9999447 0.9999447 0.9999447 0.9999447 0.9999447 0.9999447 0.9999447 0.9999447 0.0
0.0 0.07121883999999999 0.1424377 0.2373962 0.3323546 0.4273131 0.5222715 0.61723 0.7121885 0.8071469 0.9021054000000001 0.9970638000000001 1.092022 1.186981 1.281939 1.376898 1.471856 1.566815 1.661773 1.756731 1.85169 1.994128 2.184045 2.373962 2.563878 2.753796 2.943713 3.13363 3.323547 3.513464 3.70338 4.035735 4.510526 4.985319 5.460112 5.934904 6.409696 6.884488 7.35928 7.834073 8.308866 8.783658 9.25845 9.733242 10.20804 10.68283 11.15762 11.63241 12.1072 12.582 13.05679 13.53158 14.00637 14.48116 14.95596 15.43075 15.90554 16.38034 16.85513 17.32992 17.80471 18.2795 18.7543 19.22909 19.70388 20.17867 20.65347 21.12826 21.60305 21.64085
1.7503352435513383e-08 4.130623944098326e-06 0.00034375220924043255 0.0028622329490599276 0.007768972635678946 0.01411156975914322 0.021020125987102335 0.02856343941330737 0.037263498930798146 0.04739563905340741 0.05905846641776205 0.07229458786288119 0.08706984075647124 0.10334303674700497 0.12098874847116903 0.14001005947130254 0.16044730816675462 0.18301742250256406 0.2067183556470372 0.231667154574195 0.2578254882130409 0.28609266603024003 0.31629359909630206 0.3480643539946055 0.38105695166682185 0.41484338019184086 0.4490626649613063 0.48342429161466793 0.5172495907580731 0.5506141860498298 0.5829869714063319 0.613462377450879 0.6415206692061387 0.6674441691948763 0.6913882003470533 0.7135604071854549 0.7341793093036366 0.753531768964496 0.7716581158850049 0.7888889098650285 0.8053035542953939 0.8210019437645614 0.836000432940177 0.8503490749953941 0.8640433301900804 0.8770693762483692 0.8894561427730343 0.9010452348949444 0.9119384849318939 0.9221265436299233 0.9315313448635096 0.940167871225486 0.9480692526660456 0.9552283822437669 0.961700981280186 0.9675026009234495 0.9744485019529835 0.9803251215841854 0.9867889979378069 0.9939791282840875 0.9987992648131007 0.9998407786661014 0.9998974647911951 0.9999093497438379 0.9999309691466655 0.9999576250213189 0.9999741258889031 0.9999894206070004 1.0 1.0
0.05745647 0.0001864395 0.00027633 0.0008507864 0.003182898 0.009539958 0.02309226 0.04349487 0.06549852 0.08679575 0.1065766 0.1242256 0.1400934 0.1543172 0.1677841 0.1796008 0.1896423 0.1919034 0.202173 0.2107673 0.2182602 0.2342389 0.249879 0.2654825 0.2808714 0.2965161 0.3126101 0.3285644 0.3483928 0.3657624 0.386322 0.4213419 0.4578717 0.5021973 0.5465193 0.5929758 0.6376063 0.6823716 0.7220621 0.7624438 0.8007801 0.8336491 0.8641073 0.8885474 0.9093379 0.9261996 0.9368578 0.9452029 0.952444 0.9585484 0.9639909 0.9687135 0.9732116 0.9773351 0.9805765 0.9828944 0.9837547 0.9999881 0.9999881 0.9999881 0.9999881 0.9999881 0.9999881 0.9999881 0.9999881 0.9999881 0.9999881 0.9999881 0.9999881 0.0
0.0 0.07121883999999999 0.1424377 0.2373962 0.3323546 0.4273131 0.5222715 0.61723 0.7121885 0.8071469 0.9021054000000001 0.9970638000000001 1.092022 1.186981 1.281939 1.376898 1.471856 1.566815 1.661773 1.756731 1.85169 1.994128 2.184045 2.373962 2.563878 2.753796 2.943713 3.13363 3.323547 3.513464 3.70338 4.035735 4.510526 4.985319 5.460112 5.934904 6.409696 6.884488 7.35928 7.834073 8.308866 8.783658 9.25845 9.733242 10.20804 10.68283 11.15762 11.63241 12.1072 12.582 13.05679 13.53158 14.00637 14.48116 14.95596 15.43075 15.90554 16.38034 16.85513 17.32992 17.80471 18.2795 18.7543 19.22909 19.70388 20.17867 20.65347 21.12826 21.60305 22.07784 22.55264 23.02743 23.44425
2.0738858865364705e-09 2.3781000492347838e-07 0.00016662834326312687 0.00276270325963403 0.007900568016742363 0.015147152255142404 0.022614551600241537 0.030242277117849763 0.03908047297156669 0.04936892363520846 0.06119246595525084 0.07461248772204876 0.08961495160393562 0.10610430452119658 0.12404865459016165 0.1433996036594048 0.16354189927585183 0.1861742453464699 0.2098385483351686 0.2347309369061173 0.26081864950312283 0.28846855076786454 0.31794385380173035 0.3488800607563841 0.3808817332865396 0.4136718310813631 0.4467807893456031 0.4798274989020575 0.5123506539260815 0.5441717672649246 0.5751061648337917 0.6041974986935668 0.6309327466881155 0.6554066126531787 0.6779021545665128 0.6986369102118519 0.7178426443982678 0.735856755044397 0.75282506113445 0.7688724219611555 0.7841914408047631 0.7988285809412533 0.8127858181031701 0.8262208285883547 0.8392212100157893 0.8517383366016427 0.863780671602013 0.8753437849400876 0.8864220208261013 0.8969968213822853 0.90706513691808 0.9165050089947437 0.9253714867156501 0.933622250881943 0.9412497312569608 0.94831300136827 0.9547475799594937 0.9605542491522298 0.9657969707340328 0.9704639428401918 0.9768964348010326 0.9823260717713145 0.9888748576260394 0.9955165525225395 0.9993117567200108 0.9999518683827737 0.9999772147841772 0.999980486503883 0.9999864470584185 0.9999924900859255 0.9999963023158597 0.9999999999999999 0.9999999999999999
0.06638353 0.004243358 0.0007832648 0.001136081 0.004082889 0.01094994 0.02778654 0.05546581 0.08262505 0.1085826 0.1326249 0.1537241 0.1721358 0.1887514 0.2032502 0.2159927 0.1979842 0.1959617 0.2062908 0.2139083 0.2202843 0.2215872 0.2350993 0.2492923 0.263731 0.2779718 0.2936887 0.3101389 0.3291982 0.3485208 0.3683451 0.4107317 0.4572026 0.5040185 0.5501768 0.5925914 0.6340491 0.6776025 0.7214286 0.7610915 0.7972284 0.8306397 0.8592356 0.8843147 0.9024292 0.9221696 0.9392883 0.9537475 0.9646367 0.9722185 0.9768693 0.9805638 0.9833072 0.9857801 0.9833722 0.9839141 0.9865454 0.9897679 0.9926267 0.9942735 0.9945542 0.9945542 0.9945542 0.9945542 0.9945542 0.9945542 0.9945542 0.9945542 0.9945542 0.9945542 0.9945542 0.9945542 0.0
0.0 0.07121883999999999 0.1424377 0.2373962 0.3323546 0.4273131 0.5222715 0.61723 0.7121885 0.8071469 0.9021054000000001 0.9970638000000001 1.092022 1.186981 1.281939 1.376898 1.471856 1.566815 1.661773 1.756731 1.85169 1.994128 2.184045 2.373962 2.563878 2.753796 2.943713 3.13363 3.323547 3.513464 3.70338 4.035735 4.510526 4.985319 5.460112 5.934904 6.409696 6.884488 7.35928 7.834073 8.308866 8.783658 9.25845 9.733242 10.20804 10.68283 11.15762 11.63241 12.1072 12.582 13.05679 13.53158 14.00637 14.48116 14.95596 15.43075 15.90554 16.38034 16.85513 17.32992 17.80471 18.2795 18.7543 19.22909 19.70388 20.17867 20.65347 21.12826 21.60305 22.07784 22.55264 23.02743 23.50222 23.97701 24.4518 24.9266 25.24765
7.1047034273425035e-06 2.486352435003148e-05 0.00018329355997390867 0.0028842193107754214 0.0080466045662493 0.015186722124023014 0.022110029621920442 0.029569116451006943 0.038127632671214454 0.04802488273672984 0.05936829000192907 0.07218102791489504 0.08648218379144587 0.10217389712576468 0.1192226521855751 0.1375619341776729 0.1573284041499447 0.1795740315396406 0.202856500229502 0.22735759881919884 0.2529845508489837 0.280577286787083 0.30994973704265333 0.3407960203677418 0.3727827006932771 0.40551123250305177 0.43865558141411287 0.47179074833720896 0.5038363587205522 0.5352881218179486 0.5651552686514817 0.5934738097379392 0.6194851268697206 0.6431341901195972 0.6647463046258185 0.6846578942940541 0.7030891615006343 0.7203019729994335 0.7364122166977206 0.7516674903629278 0.7661092576088755 0.7798909963977427 0.7930756550142253 0.8057152666917301 0.817905114484147 0.8296069351876088 0.8409166850049616 0.8518731585734604 0.862503007277465 0.8728195789522137 0.882819245088636 0.8924833553272542 0.9017802303333852 0.9106798145965835 0.9191567764587334 0.9271311204330458 0.9346054387334866 0.941556053050255 0.9479453497091792 0.9538261384268928 0.9591591639905395 0.9639676972776563 0.9683104203438042 0.9720443687506446 0.9775327234361016 0.9840534612860886 0.9906325623316039 0.9967138903903272 0.99960346731727 0.99998521304315 0.9999965013082964 0.9999971276852104 0.9999980943064457 0.9999989145089255 0.9999994705624404 0.9999999999999999 0.9999999999999999
0.0007723017 0.0004013541 0.00106446 0.001024696 0.003572126 0.009730426 0.02623752 0.05022045 0.07616755 0.1015801 0.1250089 0.1459054 0.1640099 0.1802608 0.194525 0.206904 0.2157978 0.2125916 0.2227825 0.2301628 0.2362321 0.2491749 0.2617907 0.2739476 0.2860573 0.2984529 0.3108894 0.3246174 0.3283823 0.3446886 0.3496961 0.3871139 0.4326451 0.4822102 0.5315707 0.5805852 0.6285666 0.6743364 0.71727 0.7573095 0.79309 0.8255022 0.8552933 0.8805968 0.9017342 0.9205474 0.9366063 0.9502618 0.961502 0.9707053 0.9781632 0.9841583 0.9886804 0.9910492 0.9907411 0.9914718 0.9925872 0.9935387 0.9944546 0.9954159 0.9964408 0.9974307 0.9985198 0.9985089 0.9984849 0.9984848 0.9984848 0.9984848 0.9984848 0.9984848 0.9984848 0.9984848 0.9984848 0.9984848 0.9984848 0.9984848 0.0
0.0 0.07121883999999999 0.1424377 0.2373962 0.3323546 0.4273131 0.5222715 0.61723 0.7121885 0.8071469 0.9021054000000001 0.9970638000000001 1.092022 1.186981 1.281939 1.376898 1.471856 1.566815 1.661773 1.756731 1.85169 1.994128 2.184045 2.373962 2.563878 2.753796 2.943713 3.13363 3.323547 3.513464 3.70338 4.035735 4.510526 4.985319 5.460112 5.934904 6.409696 6.884488 7.35928 7.834073 8.308866 8.783658 9.25845 9.733242 10.20804 10.68283 11.15762 11.63241 12.1072 12.582 13.05679 13.53158 14.00637 14.48116 14.95596 15.43075 15.90554 16.38034 16.85513 17.32992 17.80471 18.2795 18.7543 19.46648 20.41607 21.12826 21.60305 22.07784 22.55264 23.02743 23.50222 23.97701 24.4518 24.9266 25.40139 25.87618 26.35097 26.82577 27.05106
2.2603700440615706e-05 5.432010085495743e-05 0.0007702565244995003 0.0031462834859590735 0.008175098305018613 0.014840175706519021 0.021995082270462957 0.02950595760447025 0.038030072194321855 0.047869254681696796 0.05917565039549972 0.07192528420448448 0.08609583443473222 0.10160843480570189 0.11843203908200944 0.136510823394842 0.156001227216859 0.1778018561524974 0.2006103097254797 0.22453768754929926 0.24957287875411377 0.27642418690790194 0.3049639112010744 0.3349193765335092 0.3659480780019511 0.3976929445314518 0.429788035126712 0.46194199607076913 0.49357917589228534 0.5246636588331983 0.5549116619518539 0.5838129119641661 0.6103965114464344 0.6343972743094719 0.6560864523476426 0.6760088960900202 0.6943596287085452 0.7114210704053163 0.7273539699382985 0.7423708208005336 0.7565609429991083 0.770068768757043 0.7829151510178469 0.7952156228410339 0.8069788270236958 0.8182845504526514 0.8291637364007404 0.8396600107035991 0.8498278284338645 0.8596706903180393 0.8692458980402765 0.8785880712419056 0.8877107979504498 0.8966191051607139 0.9052983631064923 0.913717607316774 0.9218293508605158 0.9295951341991517 0.9369668859377845 0.9438838824018219 0.9503471199052944 0.9563398882329416 0.9618342542521862 0.9663618080380867 0.9700206002158154 0.973554132401914 0.9791201088706443 0.9855269743811715 0.9921178460714106 0.9976337978852141 0.9997724092698103 0.9999947502217109 0.9999999255128623 0.9999999872458726 0.9999999952288918 0.9999999993881545 0.9999999997503071 1.0 1.0
0.0008083033 0.001052243 0.0003259044 0.001255608 0.003604936 0.009902745 0.02416308 0.04740965 0.07289878 0.09766269 0.1198458 0.1403308 0.1581225 0.1742919 0.1879083 0.1997007 0.2078115 0.2053144 0.2139275 0.2206284 0.2257595 0.2374415 0.2486208 0.2597832 0.270918 0.2824875 0.2947612 0.3073812 0.3234903 0.3382375 0.3541563 0.3830476 0.4215785 0.4575723 0.4960249 0.5436949 0.5933858 0.6421301 0.690787 0.7351762 0.7755926 0.8104027 0.8416753 0.868372 0.8909937 0.9104916 0.9279954 0.942404 0.9546733 0.9643283 0.9725164 0.9790142 0.9843641 0.9884464 0.9913143 0.9934027 0.9952742 0.9961356 0.9967891 0.9972263 0.9976106 0.9979733 0.9984105 0.9991175 0.9998282 0.9998732 0.9999908 0.9999907 0.9999907 0.9999907 0.9999907 0.9999907 0.9999907 0.9999907 0.9999907 0.9999907 0.9999907 0.9999907 0.0
0.0 0.07121883999999999 0.1424377 0.2373962 0.3323546 0.4273131 0.5222715 0.61723 0.7121885 0.8071469 0.9021054000000001 0.9970638000000001 1.092022 1.186981 1.281939 1.376898 1.471856 1.566815 1.661773 1.756731 1.85169 1.994128 2.184045 2.373962 2.563878 2.753796 2.943713 3.13363 3.323547 3.513464 3.70338 4.035735 4.510526 4.985319 5.460112 5.934904 6.409696 6.884488 7.35928 7.834073 8.308866 8.783658 9.25845 9.733242 10.20804 10.68283 11.15762 11.63241 12.1072 12.582 13.05679 13.53158 14.00637 14.48116 14.95596 15.43075 15.90554 16.38034 16.85513 17.32992 17.80471 18.2795 18.7543 19.46648 20.41607 21.36565 22.31524 23.26482 24.21441 25.16399 25.87618 26.35097 26.82577 27.30056 27.77535 28.25014 28.72493 29.19973 29.67452 30.14931 30.6241 31.0989 31.55957
2.196125111407877e-05 4.513279522720788e-05 0.00013081271679780772 0.0018632050978300424 0.006625086981460291 0.012713618415009523 0.019383489552345312 0.026999458498158945 0.03558789791652073 0.04545823559116512 0.05670598557231347 0.06942381236200255 0.08350345225370438 0.09892855381320569 0.11567014025913547 0.13368402765756301 0.1530935370591145 0.1744571671583031 0.19698622740341298 0.2205267210707442 0.24515587282854615 0.2715482893039027 0.2995194989071268 0.32877736876326413 0.3591653075935562 0.3902035872675665 0.42153080284021227 0.45289670724492065 0.4837221505313757 0.5140022304567274 0.5434190821521806 0.5719570394775484 0.5983384051883011 0.6224204787562265 0.6444878356975033 0.6647187990800647 0.6833057038441247 0.7004471736978706 0.7163614763824442 0.7312140195639402 0.7451435513771155 0.758248884845761 0.7706162267709942 0.7823070846822523 0.7934022085277536 0.8039928444102709 0.8141327640052773 0.8238779096172325 0.8332765928812966 0.8423437053960355 0.851106630235782 0.8595930245924794 0.8678160779855769 0.8757884699482713 0.8835373317491834 0.8910798945488113 0.8984453901216525 0.9056767019366943 0.9127977387869256 0.9198353737604269 0.9268246078511742 0.933783392575247 0.9407086042668503 0.9474716116435062 0.9538070210469495 0.9594399435123802 0.964210453725916 0.9681010272849633 0.9711643113453091 0.9735772918546814 0.97757893085723 0.9831759279786026 0.9894174584752459 0.9954530756477084 0.9991341532291528 0.9999516685225882 0.9999992260155777 0.9999999474198182 0.9999999858032961 0.9999999943334535 0.9999999990651061 1.0 1.0
0.02205675 0.03495716 0.007502865 0.002421219 0.004202274 0.01085521 0.02500829 0.04463474 0.06913275 0.09312698 0.1157844 0.135127 0.1528187 0.1678624 0.1802685 0.1904294 0.1972479 0.1969524 0.2024093 0.2079015 0.2111656 0.2189015 0.2261988 0.2338704 0.2410349 0.2493599 0.2585857 0.2668658 0.27988 0.2921716 0.305426 0.3245462 0.3522215 0.3885185 0.4249955 0.4636403 0.5058776 0.550119 0.5949286 0.639093 0.68019 0.7199379 0.7575087 0.7917558 0.8228455 0.851537 0.8770908 0.8990674 0.9177475 0.9329916 0.9457524 0.9561006 0.9646182 0.9716032 0.9771696 0.9819714 0.9859346 0.9891334 0.9916417 0.9935713 0.9951177 0.9963301 0.9974563 0.9985419 0.9992226 0.9994667 0.999637 0.9997879 0.9999086 0.9999888 0.9999906 0.9999997 0.9999997 0.9999997 0.9999997 0.9999997 0.9999997 0.9999997 0.9999997 0.9999997 0.9999997 0.9999997 0.0
0.0 0.07121883999999999 0.1424377 0.2373962 0.3323546 0.4273131 0.5222715 0.61723 0.7121885 0.8071469 0.9021054000000001 0.9970638000000001 1.092022 1.186981 1.281939 1.376898 1.471856 1.566815 1.661773 1.756731 1.85169 1.994128 2.184045 2.373962 2.563878 2.753796 2.943713 3.13363 3.323547 3.513464 3.70338 4.035735 4.510526 4.985319 5.460112 5.934904 6.409696 6.884488 7.35928 7.834073 8.308866 8.783658 9.25845 9.733242 10.20804 10.68283 11.15762 11.63241 12.1072 12.582 13.05679 13.53158 14.00637 14.48116 14.95596 15.43075 15.90554 16.38034 16.85513 17.32992 17.80471 18.2795 18.7543 19.46648 20.41607 21.36565 22.31524 23.26482 24.21441 25.16399 26.11358 27.06316 28.01274 28.96233 29.67452 30.14931 30.6241 31.0989 31.57369 32.04848 32.52327 32.99807 33.47286 33.94765 34.42244 34.89724 35.37203 35.84682 36.06807
5.139626106562502e-06 1.0912819835611631e-05 2.1242187722455396e-05 0.001020227585712651 0.00524411834133293 0.0118285199736989 0.018763352157459494 0.026196505586342008 0.034706809697630514 0.04447637561778435 0.05567788811068641 0.06830280772930172 0.08234039916878633 0.09777904350583856 0.11455115052261407 0.13257661427117395 0.1519715382603559 0.17305715736452953 0.19542275715215063 0.21876355849408186 0.2431319982110352 0.2692415883163301 0.2968616813129274 0.32577270460826296 0.3557327083020405 0.38628116232362264 0.41705118367346616 0.4478443505515667 0.47822893621133983 0.5079502508206966 0.5368628830929252 0.5651348656066707 0.5914949120884588 0.6156550717248538 0.6377248208862606 0.6579802243990259 0.6765191364131697 0.6934689232757811 0.709027508927211 0.7233718775286142 0.7367189870851033 0.749208432827572 0.760934811387248 0.7719899003887124 0.7824768260189772 0.7924622981745125 0.802014068630269 0.8111770337763143 0.8200073825147216 0.8285220025087008 0.8367383518169584 0.8446998728156075 0.8524147785403872 0.8599107513068593 0.8672156086110219 0.874346976662855 0.8813172623886878 0.8881447349298411 0.8948335881769052 0.9013779500236369 0.9077794591206836 0.9140373109795986 0.9201413209085324 0.9259523157033174 0.9315476251673352 0.9370651696129104 0.9426434430449477 0.948316444991565 0.9539066439756971 0.9590915093690422 0.9635569939399087 0.9672004792521898 0.9700613443559267 0.9722385729820483 0.9742364755283941 0.9770648514981011 0.981855477987637 0.9872164538149303 0.9930999284028311 0.9978773467746751 0.9997592737390345 0.9999920610434582 0.9999998548220216 0.999999966565137 0.9999999926395637 0.9999999961792799 0.9999999986327389 1.0 1.0
0.1380907 0.1803541 0.1927022 0.005902531 0.005754034 0.0112329 0.0252861 0.04608996 0.06966032 0.09435859 0.1160171 0.1355517 0.1526095 0.166872 0.1788772 0.1881752 0.1941855 0.1953537 0.1985726 0.2023137 0.204809 0.2092088 0.2136303 0.2181029 0.2223646 0.2283558 0.2351017 0.2424617 0.2517004 0.2619605 0.2725789 0.2850157 0.3088877 0.3379756 0.3694983 0.4022098 0.4397843 0.4811971 0.5261511 0.5712575 0.6139277 0.6549575 0.6941091 0.7322691 0.7664888 0.7981842 0.8268057 0.852585 0.8752 0.8950347 0.9121131 0.9268028 0.9399047 0.9509566 0.9601713 0.9679133 0.9745447 0.97977 0.9839665 0.9872007 0.9898977 0.9919618 0.993969 0.9960323 0.9976486 0.9986277 0.9992256 0.9995813 0.9997811 0.9998801 0.9999248 0.9999536 0.9999752 0.9999923 0.9999953 0.9999993 0.9999993 0.9999993 0.9999993 0.9999993 0.9999993 0.9999993 0.9999993 0.9999993 0.9999993 0.9999993 0.9999993 0.9999993 0.0
0.0 0.07121883999999999 0.1424377 0.2373962 0.3323546 0.4273131 0.5222715 0.61723 0.7121885 0.8071469 0.9021054000000001 0.9970638000000001 1.092022 1.186981 1.281939 1.376898 1.471856 1.566815 1.661773 1.756731 1.85169 1.994128 2.184045 2.373962 2.563878 2.753796 2.943713 3.13363 3.323547 3.513464 3.70338 4.035735 4.510526 4.985319 5.460112 5.934904 6.409696 6.884488 7.35928 7.834073 8.308866 8.783658 9.25845 9.733242 10.20804 10.68283 11.15762 11.63241 12.1072 12.582 13.05679 13.53158 14.00637 14.48116 14.95596 15.43075 15.90554 16.38034 16.85513 17.32992 17.80471 18.2795 18.7543 19.46648 20.41607 21.36565 22.31524 23.26482 24.21441 25.16399 26.11358 27.06316 28.01274 28.96233 29.91191 30.8615 31.81108 32.76067 33.71026 34.42244 34.89724 35.37203 35.84682 36.32161 36.7964 37.2712 37.74599 38.22078 38.69557 39.17036 39.64516 40.11995 40.57658
6.963896718781226e-07 1.2316667313405082e-05 0.00022047623035916864 0.0010330003829469492 0.004453749704353622 0.010373296893116673 0.017191656139434686 0.024542708365621075 0.03289174004249578 0.042572291167583334 0.05361274503041886 0.06610877985739357 0.08013435786909952 0.09557654095908868 0.11233975233023562 0.13043248499305993 0.14992912717106988 0.17098784428031572 0.1933157356490874 0.2167257488064462 0.2411824612718133 0.26730469299558923 0.29500625614968234 0.3240060970006233 0.3539985685989715 0.3846138429368891 0.41550567092985186 0.4463665799016354 0.47679227956087245 0.5065519845182039 0.5355068752995357 0.5638767254569405 0.5903433433477261 0.6145930319197264 0.6367366635033432 0.6570591292392673 0.6755721780174493 0.6924176654280051 0.7077169921591225 0.7217493185979771 0.7346581806795208 0.7466524111190265 0.7578353156236706 0.7683130973966547 0.778178263309327 0.7875217616033192 0.7963972686460713 0.8048855728477607 0.8130332268603959 0.8208791761410531 0.828465111498935 0.8358171171602194 0.842972563047388 0.8499531245945336 0.8567895754408877 0.8634870918599795 0.8700731206111237 0.8765516072927583 0.8829271500315976 0.8891821271832039 0.8953229896488792 0.9013476141759938 0.9072563929577088 0.9129653290380726 0.9184862051167912 0.9238323895710917 0.9289936279022059 0.9339079603526564 0.938548886836276 0.9430273033502952 0.9474940352128988 0.9520854304050722 0.9567904365178233 0.9613906526751422 0.9655727571131463 0.9690823111377012 0.9718757282266272 0.9740007724354632 0.9756125622451162 0.9772843799228312 0.9806236643008576 0.9856493965138922 0.9909693817888469 0.9961496617741196 0.9992318493350539 0.9999494204805006 0.99999876345161 0.9999998319717339 0.9999999397535145 0.9999999932885573 0.9999999971236654 0.9999999999999999 0.9999999999999999
0.07378728 0.02568299 0.009728895 0.0121508 0.009441577 0.01459632 0.0281436 0.04963708 0.07380549 0.0978117 0.1210831 0.1406024 0.1570958 0.171545 0.1830767 0.1919946 0.1978246 0.1992073 0.2015588 0.2038662 0.2055496 0.2084025 0.2100448 0.2122822 0.2151215 0.2185075 0.2232222 0.2285318 0.2356889 0.2445766 0.2522306 0.2606916 0.280375 0.3048639 0.3316785 0.3591686 0.39296 0.4298503 0.472722 0.515225 0.5581425 0.5990477 0.6397152 0.6786272 0.7157518 0.7506241 0.7828642 0.8123805 0.8388335 0.862612 0.883323 0.9017551 0.91736 0.9313579 0.9427183 0.9529324 0.961036 0.9682429 0.9739102 0.9787589 0.9826999 0.9860551 0.9892597 0.9928585 0.9955494 0.9972597 0.9982844 0.9989424 0.9993551 0.9996243 0.9997824 0.9998806 0.9999362 0.9999685 0.9999819 0.9999894 0.9999931 0.9999971 0.9999991 0.9999994 1.0 1.0 1.0 1.0 1.0 1.0 1.0 1.0 1.0 1.0 1.0 1.0 0.0
0.0 0.07121883999999999 0.1424377 0.2373962 0.3323546 0.4273131 0.5222715 0.61723 0.7121885 0.8071469 0.9021054000000001 0.9970638000000001 1.092022 1.186981 1.281939 1.376898 1.471856 1.566815 1.661773 1.756731 1.85169 1.994128 2.184045 2.373962 2.563878 2.753796 2.943713 3.13363 3.323547 3.513464 3.70338 4.035735 4.510526 4.985319 5.460112 5.934904 6.409696 6.884488 7.35928 7.834073 8.308866 8.783658 9.25845 9.733242 10.20804 10.68283 11.15762 11.63241 12.1072 12.582 13.05679 13.53158 14.00637 14.48116 14.95596 15.43075 15.90554 16.38034 16.85513 17.32992 17.80471 18.2795 18.7543 19.46648 20.41607 21.36565 22.31524 23.26482 24.21441 25.16399 26.11358 27.06316 28.01274 28.96233 29.91191 30.8615 31.81108 32.76067 33.71026 34.65984 35.60942 36.559 37.50859 38.22078 38.69557 39.17036 39.64516 40.11995 40.59474 41.06954 41.54433 42.01912 42.49391 42.9687 43.4435 43.91829 44.39308 44.86788 45.0851
1.2020374673136099e-05 0.00014767391531435694 0.0006659284811318253 0.002706100636285489 0.005950345022221894 0.010946080573316225 0.01713022760494884 0.02427315738931511 0.03237499057137763 0.04172189010841285 0.05246697858694579 0.06474778437033638 0.07853985100116723 0.09377402133988022 0.11037710870516655 0.12838133909003469 0.1477776020763093 0.1687205403770441 0.1909346732846506 0.2142517700162881 0.23865445080334508 0.2647822442515385 0.29251817989913453 0.32159234394181885 0.351715908892141 0.38248395233864546 0.4135367764958549 0.4445108367274848 0.47515109992360693 0.5050858175904803 0.5343361508545441 0.5628646377314133 0.5895582077961902 0.6139046956066694 0.6362378085763867 0.6566278344605495 0.675162437335978 0.6920133639244229 0.707247127517262 0.7210943495779921 0.7338056682929041 0.7454891918894794 0.7563037408434763 0.7663648585590714 0.7757507539950161 0.7845546443434089 0.7928670788191754 0.8007520992154598 0.8082591906489194 0.8154566795323699 0.8223782637273633 0.8290519432062186 0.8355300709887038 0.8418398783663761 0.8480120160537321 0.8540652115959656 0.8600174652214958 0.8658910273084238 0.8716904237663466 0.8774170954408174 0.8830811489327026 0.8886832770887877 0.8942211187148045 0.8996688454477609 0.9050238168864758 0.9102557925093249 0.9153288545874445 0.9202323622351337 0.9249669703821894 0.9295507688790031 0.933984536747333 0.9382538793196421 0.9422846550959179 0.9460815140777186 0.9497759248042829 0.9535261148675529 0.957440771590831 0.9614604618185438 0.965336246734874 0.9687772144521172 0.9715929148323217 0.9737721327197649 0.9753841534823651 0.9767094714876561 0.9778638979716313 0.9798227681758923 0.9838164232206773 0.988851309785633 0.9941283170025202 0.9982333032187874 0.9997865099068227 0.999991446057783 0.9999996503978194 0.9999999439735479 0.999999965611601 0.999999982038895 0.9999999935016142 1.0 1.0
0.2753237 0.004373025 0.006600675 0.007223999 0.01347325 0.02033401 0.03393704 0.0545727 0.07915755 0.103248 0.1262047 0.1464586 0.1627732 0.1764127 0.1881384 0.1968326 0.2019159 0.2031623 0.2047908 0.2068506 0.2077288 0.2091272 0.2091631 0.2097911 0.2107835 0.2127009 0.215945 0.2199687 0.2256505 0.232602 0.2382885 0.2452278 0.260998 0.2832212 0.3053887 0.330532 0.3602826 0.3927883 0.4317153 0.4724381 0.5112252 0.5518994 0.5918341 0.6310492 0.669629 0.7060617 0.7400537 0.7721033 0.8019765 0.8282421 0.852828 0.8746895 0.8932441 0.9101286 0.9245387 0.9367096 0.9474576 0.9564147 0.963903 0.9701803 0.9754577 0.9798118 0.9840749 0.9889627 0.9926776 0.9952167 0.9968771 0.9980078 0.9987572 0.999229 0.9995213 0.9997035 0.9998155 0.9998878 0.9999357 0.9999637 0.9999806 0.9999897 0.9999951 0.9999971 0.9999982 0.9999989 0.9999997 0.9999997 0.9999998 0.9999998 1.0 1.0 1.0 1.0 1.0 1.0 1.0 1.0 1.0 1.0 1.0 1.0 0.0
0.0 0.07121883999999999 0.1424377 0.2373962 0.3323546 0.4273131 0.5222715 0.61723 0.7121885 0.8071469 0.9021054000000001 0.9970638000000001 1.092022 1.186981 1.281939 1.376898 1.471856 1.566815 1.661773 1.756731 1.85169 1.994128 2.184045 2.373962 2.563878 2.753796 2.943713 3.13363 3.323547 3.513464 3.70338 4.035735 4.510526 4.985319 5.460112 5.934904 6.409696 6.884488 7.35928 7.834073 8.308866 8.783658 9.25845 9.733242 10.20804 10.68283 11.15762 11.63241 12.1072 12.582 13.05679 13.53158 14.00637 14.48116 14.95596 15.43075 15.90554 16.38034 16.85513 17.32992 17.80471 18.2795 18.7543 19.46648 20.41607 21.36565 22.31524 23.26482 24.21441 25.16399 26.11358 27.06316 28.01274 28.96233 29.91191 30.8615 31.81108 32.76067 33.71026 34.65984 35.60942 36.559 37.50859 38.93297 40.83214 42.73131 43.91829 44.39308 44.86788 45.34267 45.81746 46.29225 46.76704 47.24183 47.71662 48.19142 48.66621 49.141 49.5936
2.9921276473175087e-05 8.801820115461988e-05 0.00022065892232095126 0.0011411414212027153 0.004102287536275056 0.0091263510150149 0.015402183778073675 0.022577900426816806 0.030543378552319093 0.039660775939814215 0.05017589892729455 0.062197775295887346 0.07572825557271684 0.09077177888354351 0.1072990719572883 0.12525700077621435 0.14464896688728993 0.16557640342275085 0.18777258488730628 0.21113438807192478 0.23565056362578368 0.2619545801432452 0.2898924409643942 0.31922389489817393 0.34958131458592373 0.38067129699103563 0.41202659649410883 0.4433831261163686 0.47441016920587914 0.504936671450004 0.534667350760508 0.5635381910218061 0.5906046282800178 0.6153581847468313 0.6380137782891846 0.6588112286650283 0.6777261509899642 0.694906583868369 0.7104039034954892 0.7244632922358172 0.7373238603002944 0.7491108801744372 0.759944293827287 0.7699527218078855 0.7792245009360846 0.7878849429185923 0.7959978535027848 0.8036290922002458 0.8108507332986233 0.8177130084474864 0.8242646695878171 0.8305456474580826 0.836597238407325 0.8424526271290808 0.8481412936970748 0.8536845601772086 0.8591105267703805 0.8644376203054498 0.8696756068590897 0.874836085207283 0.8799316667458649 0.884972969721032 0.8899619337989798 0.8948958313241208 0.8997897339306632 0.9046482447602593 0.9094572156594812 0.9142197023156998 0.9189332088349131 0.9235828204676787 0.9281203735908862 0.9325199964804248 0.9367692453219137 0.9408641373816389 0.9448251817771695 0.9486559333746768 0.9523243163706744 0.955769553963435 0.9590567757938248 0.9623780177291289 0.9659446324299817 0.9698549174726401 0.9739560813574356 0.9773014097395266 0.9791883170147389 0.9800221210370549 0.9829649947121396 0.9874535534360904 0.9923417689698716 0.9967885713871713 0.999354765809163 0.999953913721662 0.9999987920351532 0.9999998317247586 0.9999999148647705 0.9999999677541906 0.9999999961292607 1.0 1.0
0.008454197 0.02508497 0.0482304 0.02290138 0.01826234 0.02411425 0.03800284 0.05845432 0.08343486 0.1079867 0.1318853 0.1521621 0.1685318 0.1814872 0.1925757 0.2011119 0.2059162 0.2072698 0.2089902 0.2105234 0.2107243 0.2113137 0.210244 0.2097361 0.2097905 0.2105236 0.212987 0.2158304 0.2204358 0.2251408 0.2303682 0.2364015 0.2498904 0.2693506 0.2895981 0.3107372 0.3371313 0.3663992 0.402095 0.4391707 0.475188 0.5134158 0.5529353 0.5920382 0.6308113 0.6666726 0.7021312 0.7361988 0.7673476 0.7969143 0.8238443 0.8476356 0.8691939 0.888491 0.9054785 0.9200307 0.9325343 0.9434136 0.9527504 0.9606851 0.9672799 0.9728125 0.9781826 0.9846303 0.9896077 0.9930748 0.9953206 0.9969056 0.9979594 0.99865 0.999118 0.9994266 0.9996319 0.9997721 0.9998586 0.9999116 0.9999454 0.999966 0.9999797 0.9999882 0.9999933 0.9999965 0.9999985 0.9999995 0.9999998 1.0 1.0 1.0 1.0 1.0 1.0 1.0 1.0 1.0 1.0 1.0 1.0 1.0 0.0
0.0 0.07121883999999999 0.1424377 0.2373962 0.3323546 0.4273131 0.5222715 0.61723 0.7121885 0.8071469 0.9021054000000001 0.9970638000000001 1.092022 1.186981 1.281939 1.376898 1.471856 1.566815 1.661773 1.756731 1.85169 1.994128 2.184045 2.373962 2.563878 2.753796 2.943713 3.13363 3.323547 3.513464 3.70338 4.035735 4.510526 4.985319 5.460112 5.934904 6.409696 6.884488 7.35928 7.834073 8.308866 8.783658 9.25845 9.733242 10.20804 10.68283 11.15762 11.63241 12.1072 12.582 13.05679 13.53158 14.00637 14.48116 14.95596 15.43075 15.90554 16.38034 16.85513 17.32992 17.80471 18.2795 18.7543 19.46648 20.41607 21.36565 22.31524 23.26482 24.21441 25.16399 26.11358 27.06316 28.01274 28.96233 29.91191 30.8615 31.81108 32.76067 33.71026 34.65984 35.60942 36.559 37.50859 38.93297 40.83214 42.73131 44.63048 46.52964 47.71662 48.19142 48.66621 49.141 49.6158 50.09059 50.56538 51.04017 51.51496 51.98976 52.46455 52.93934 53.41414 53.88893 54.10211
0.00018083723587736396 0.00040876370246628645 0.0007444530423149864 0.0015334567382314342 0.004127889143218406 0.00844490722998974 0.014071673475512435 0.020823163183067445 0.028678833123593424 0.03759194781755733 0.0479187511978967 0.059711734074199246 0.07305572341300309 0.08793034094693634 0.10431705231373381 0.12215440378534685 0.14144431624900394 0.16232006775234664 0.1845272543778823 0.20792582365125542 0.23247323378566054 0.2588540061418856 0.2868685627363854 0.31629019488642074 0.34690351394696517 0.3781524523919094 0.40975718754032203 0.4412930603479214 0.4725771246352757 0.5033102901961239 0.5332969564565448 0.5623499028964417 0.5895735121797416 0.6144894137360732 0.6373218564860951 0.6582123958884444 0.6771937420132346 0.6945132970706942 0.7101400555948346 0.7243026471556233 0.7372217721644876 0.7490722423566609 0.7599615944245979 0.7699992126316748 0.779298550296275 0.7879545337061471 0.7960361315107486 0.8036219497880174 0.8107757773903617 0.8175400387984967 0.8239637532949003 0.8300971865392606 0.8359760142462855 0.8416331884298995 0.8470974600796688 0.8523928366201332 0.8575396266681738 0.8625564562314387 0.867459440234081 0.8722608958155806 0.8769726122380115 0.8816026469634499 0.8861508570250985 0.8906069158211969 0.8949804571144095 0.8992945755412616 0.9035621014553782 0.9078019981194171 0.9120300028785533 0.9162581909284554 0.92047146644163 0.9246632236188678 0.9288281067039841 0.9329586630944303 0.93703434589533 0.9410011833077054 0.9448416527343202 0.9485426048956163 0.9521075362462473 0.9555540566298543 0.9588919251799861 0.9620725830405688 0.9650616837215296 0.9682125267729399 0.9723436550305764 0.9764030102900343 0.978823517720514 0.9799375479992537 0.9809599409597511 0.9827986457408204 0.9863559969185297 0.9906305868587706 0.9951076801031833 0.9985245194798772 0.9998241210284003 0.9999922899396899 0.999999510129547 0.9999998489121018 0.9999999814602857 0.999999989700342 0.9999999958801368 1.0 1.0
0.00405199 0.009809969 0.0260507 0.03617711 0.02730917 0.03427751 0.04690903 0.06428569 0.08722641 0.1140738 0.1369279 0.1552464 0.1709011 0.1849163 0.1963688 0.2044501 0.2087023 0.209345 0.2110039 0.2121373 0.2123798 0.2121928 0.2110507 0.2096584 0.2084905 0.2090849 0.2103528 0.2130157 0.2165423 0.2209471 0.22516 0.2306339 0.2425929 0.2601761 0.2782781 0.2982804 0.3224569 0.3477599 0.379929 0.4137334 0.4479705 0.482489 0.5187512 0.5558603 0.5924616 0.6283163 0.6640567 0.6983829 0.731005 0.7621414 0.7919357 0.8185074 0.84285 0.864629 0.8838573 0.9008037 0.9157109 0.9286323 0.9397803 0.9492173 0.9573029 0.9642479 0.9711769 0.979286 0.9856994 0.9902521 0.9933681 0.9955258 0.9969871 0.9979805 0.9986484 0.999091 0.9993985 0.9995987 0.9997384 0.9998276 0.9998887 0.9999288 0.9999555 0.9999722 0.9999825 0.9999891 0.999994 0.9999976 0.9999993 0.9999998 0.9999999 1.0 1.0 1.0 1.0 1.0 1.0 1.0 1.0 1.0 1.0 1.0 1.0 1.0 1.0 1.0 0.0
0.0 0.07121883999999999 0.1424377 0.2373962 0.3323546 0.4273131 0.5222715 0.61723 0.7121885 0.8071469 0.9021054000000001 0.9970638000000001 1.092022 1.186981 1.281939 1.376898 1.471856 1.566815 1.661773 1.756731 1.85169 1.994128 2.184045 2.373962 2.563878 2.753796 2.943713 3.13363 3.323547 3.513464 3.70338 4.035735 4.510526 4.985319 5.460112 5.934904 6.409696 6.884488 7.35928 7.834073 8.308866 8.783658 9.25845 9.733242 10.20804 10.68283 11.15762 11.63241 12.1072 12.582 13.05679 13.53158 14.00637 14.48116 14.95596 15.43075 15.90554 16.38034 16.85513 17.32992 17.80471 18.2795 18.7543 19.46648 20.41607 21.36565 22.31524 23.26482 24.21441 25.16399 26.11358 27.06316 28.01274 28.96233 29.91191 30.8615 31.81108 32.76067 33.71026 34.65984 35.60942 36.559 37.50859 38.93297 40.83214 42.73131 44.63048 46.52964 48.42881 50.32798 52.22715 54.12632 56.02549 57.21247 57.68726 58.16206 58.63685 59.11164 59.58643 60.06122 60.53602 61.01081 61.4856 61.9604 62.43519 62.90998 63.11913
0.0003614451516946355 0.0009784269718657852 0.002066758564917607 0.003940931316190285 0.006656932566022401 0.010717611258281386 0.015824025197381478 0.022184308626927763 0.029699471750333134 0.0384430094674239 0.04839057037181701 0.05968875296911554 0.07241139406656773 0.0867342074862384 0.10267493062538223 0.12012332873220247 0.1390631042195878 0.1596006472803242 0.181483573252468 0.20470521114232051 0.22919470253617555 0.2555646923485058 0.2836120305861235 0.3131479995480169 0.34388499050984256 0.3753912693720056 0.40732820722487006 0.43928687139491157 0.4709956468271894 0.5022986579280526 0.5329146782450334 0.5625137025334707 0.5903559912922232 0.6158570955722122 0.6392837563481304 0.6607195016031515 0.6802413060948628 0.6980734079064415 0.7141871665928451 0.7287924487286165 0.7420888598666696 0.7542280131547958 0.7653244323834509 0.7754850358024392 0.7848452795343808 0.7935013915236878 0.8015250203701084 0.8089916402375444 0.8159701492704835 0.8225252667449223 0.8287002667435615 0.8345474800968108 0.8401180903457307 0.8454461210777734 0.8505617019347521 0.8555002773194055 0.8602831936517751 0.8649313338773971 0.8694643234822895 0.8739037102319756 0.8782580570078887 0.8825430155720099 0.886755702505081 0.890885256547999 0.8949296870397743 0.8988896588003938 0.9027694912602879 0.906560595705018 0.9102582010064597 0.9138669654632883 0.9173937549564327 0.9208467767836075 0.9242463041554467 0.927606417959276 0.9309509430640488 0.9342833916187824 0.9376184386699227 0.9409758297509822 0.9443651291522434 0.9477807854368656 0.9512124319718165 0.954655160486106 0.9580923132501384 0.961444889514903 0.9645814900792896 0.9674975823905749 0.9703068681418137 0.9727013548479624 0.9754070977354456 0.9789189394160012 0.9819278603521305 0.9835085902987504 0.9841802343780516 0.9858222459114898 0.9888925570850182 0.9925556597487203 0.9961994978286831 0.9988910944865332 0.9998657384427241 0.9999942485261194 0.9999996554500895 0.9999998519545421 0.999999940997872 0.9999999886373527 0.9999999951302886 1.0 1.0
0.005466579 0.009386359 0.01717394 0.025165 0.0366694 0.0452105 0.0597703 0.07485288 0.09384709 0.114141 0.1365677 0.1559817 0.1720534 0.1837175 0.192751 0.2005004 0.2053577 0.2064773 0.2077531 0.2078644 0.2078855 0.2076488 0.2059242 0.2037312 0.2020186 0.2016394 0.2021052 0.2038783 0.2066754 0.2093179 0.2125476 0.2171959 0.2265374 0.2421738 0.2573848 0.2745827 0.2946197 0.3158625 0.3429312 0.3712674 0.4004915 0.4309071 0.4628784 0.4962938 0.5302008 0.5633417 0.5970888 0.6303801 0.6628352 0.6946455 0.7255273 0.7544147 0.7814659 0.8061916 0.8292838 0.8504287 0.8694813 0.8866264 0.901852 0.9153772 0.9273016 0.9377648 0.9481494 0.961491 0.9725732 0.9806945 0.9865882 0.990761 0.993642 0.9956198 0.9969875 0.9979395 0.9985937 0.9990451 0.9993522 0.9995608 0.9997035 0.9997995 0.9998652 0.9999094 0.9999388 0.9999589 0.9999744 0.9999876 0.9999946 0.9999979 0.9999991 0.9999996 0.9999999 1.0 1.0 1.0 1.0 1.0 1.0 1.0 1.0 1.0 1.0 1.0 1.0 1.0 1.0 1.0 1.0 1.0 0.0
0.0 0.07121883999999999 0.1424377 0.2373962 0.3323546 0.4273131 0.5222715 0.61723 0.7121885 0.8071469 0.9021054000000001 0.9970638000000001 1.092022 1.186981 1.281939 1.376898 1.471856 1.566815 1.661773 1.756731 1.85169 1.994128 2.184045 2.373962 2.563878 2.753796 2.943713 3.13363 3.323547 3.513464 3.70338 4.035735 4.510526 4.985319 5.460112 5.934904 6.409696 6.884488 7.35928 7.834073 8.308866 8.783658 9.25845 9.733242 10.20804 10.68283 11.15762 11.63241 12.1072 12.582 13.05679 13.53158 14.00637 14.48116 14.95596 15.43075 15.90554 16.38034 16.85513 17.32992 17.80471 18.2795 18.7543 19.46648 20.41607 21.36565 22.31524 23.26482 24.21441 25.16399 26.11358 27.06316 28.01274 28.96233 29.91191 30.8615 31.81108 32.76067 33.71026 34.65984 35.60942 36.559 37.50859 38.93297 40.83214 42.73131 44.63048 46.52964 48.42881 50.32798 52.22715 54.12632 56.02549 57.92466 59.82383 61.723 63.62217 64.80915 65.28394 65.75874 66.23353 66.70832 67.18311 67.6579 68.1327 68.60749 69.08228 69.55707 70.03186 70.50666 70.98145 71.45624 71.93103 72.13614
0.0004337732132491397 0.0012055003833855897 0.0022987598145023155 0.0038543842018465544 0.006297367800781341 0.010110067570811378 0.01491278304111649 0.02089357109389689 0.0281287614959714 0.036610322617571425 0.04651075293781553 0.05769241367159295 0.07011992191712292 0.08403960311301097 0.09935474972104186 0.11618683574886313 0.13460209383418245 0.15471644963953246 0.1762461761796118 0.19908440631452426 0.22325818676250367 0.2493676016983221 0.27722914575695057 0.3066035099502912 0.33730662666018585 0.3688275483555121 0.40076609527612744 0.43282495655731135 0.4647203622638706 0.49628995790022523 0.5272347107014468 0.5570853501496118 0.5853019804865173 0.6112668807499996 0.6351455251595984 0.6570770245103531 0.6770809756665359 0.6954445728410782 0.7120711631592634 0.7271658753043795 0.740936637511753 0.7535579083373835 0.7651043932612721 0.7756726983037081 0.7853784601915881 0.7943330636125198 0.8026246807898548 0.8103171782127159 0.8174739811577003 0.8241543956163274 0.830416001775373 0.8363137833054258 0.8418826545639925 0.8471650929940736 0.8522042241915828 0.8570189539179881 0.861631604403424 0.8660717290779921 0.8703664722733166 0.8745226513085887 0.8785534205643091 0.8824745465553081 0.8862918400114942 0.8899664258144286 0.8935056944691313 0.8969432277151022 0.9002969883684571 0.9035861078728225 0.9068299601434872 0.9100441742556278 0.9132449723833808 0.916445664307765 0.9196458685556504 0.9228465179205964 0.9260306909261367 0.929187131967442 0.9322917024244074 0.9353356256818683 0.9383090541105397 0.9412113864119361 0.9440483923183421 0.9468329810054217 0.9495793560023966 0.9523147479311285 0.9550948362504533 0.957969185135521 0.9609187174157495 0.9639004527439508 0.9667743041911805 0.9694331273955136 0.9719032037862025 0.9741937117551273 0.9761497443179479 0.9785716168736971 0.981500621057908 0.9836629915386977 0.9846801937395818 0.9855258849184055 0.9862090376980215 0.9868878880698386 0.9882763877904369 0.9908657360306841 0.9939633540715261 0.997047857167677 0.9991754183229684 0.9999038348222029 0.9999955488498148 0.9999997837091473 0.9999998940208686 0.9999999426510788 0.9999999764300754 0.9999999955462914 1.0 1.0
0.01057625 0.01586022 0.03041189 0.04582197 0.05305206 0.05665177 0.0706116 0.08485697 0.1003993 0.1175202 0.1316893 0.1474916 0.1633939 0.1755603 0.1870409 0.1942729 0.1982096 0.1982983 0.1994229 0.2000736 0.2001975 0.2002493 0.1987169 0.1962037 0.1936359 0.1929759 0.193526 0.1946462 0.1964651 0.198382 0.2013266 0.2061302 0.2134916 0.2271491 0.241048 0.2559811 0.273726 0.2915971 0.314867 0.3395156 0.3648574 0.3901883 0.4183993 0.4479122 0.4785457 0.50853 0.5391292 0.5706935 0.6018144 0.6327939 0.6638434 0.6934527 0.7218628 0.74864 0.7745659 0.7986583 0.8213136 0.8422924 0.8606986 0.8778858 0.8931945 0.9072945 0.9211957 0.939429 0.955241 0.9669709 0.9758857 0.9825187 0.9873681 0.9909016 0.993461 0.9953463 0.9966935 0.9976923 0.9983976 0.998904 0.9992532 0.999495 0.9996536 0.9997647 0.9998388 0.9998902 0.9999299 0.9999645 0.9999835 0.9999923 0.9999964 0.9999983 0.9999992 0.9999996 0.9999998 0.9999999 1.0 1.0 1.0 1.0 1.0 1.0 1.0 1.0 1.0 1.0 1.0 1.0 1.0 1.0 1.0 1.0 1.0 1.0 1.0 1.0 1.0 0.0
0.0 0.07121883999999999 0.1424377 0.2373962 0.3323546 0.4273131 0.5222715 0.61723 0.7121885 0.8071469 0.9021054000000001 0.9970638000000001 1.092022 1.186981 1.281939 1.376898 1.471856 1.566815 1.661773 1.756731 1.85169 1.994128 2.184045 2.373962 2.563878 2.753796 2.943713 3.13363 3.323547 3.513464 3.70338 4.035735 4.510526 4.985319 5.460112 5.934904 6.409696 6.884488 7.35928 7.834073 8.308866 8.783658 9.25845 9.733242 10.20804 10.68283 11.15762 11.63241 12.1072 12.582 13.05679 13.53158 14.00637 14.48116 14.95596 15.43075 15.90554 16.38034 16.85513 17.32992 17.80471 18.2795 18.7543 19.46648 20.41607 21.36565 22.31524 23.26482 24.21441 25.16399 26.11358 27.06316 28.01274 28.96233 29.91191 30.8615 31.81108 32.76067 33.71026 34.65984 35.60942 36.559 37.50859 38.93297 40.83214 42.73131 44.63048 46.52964 48.42881 50.32798 52.22715 54.12632 56.02549 57.92466 59.82383 61.723 63.62217 65.52134 67.42051 69.31968 71.21884 73.11801 75.01718 76.91635 78.81552 80.71469 82.61386 83.80084 84.27563 84.75042 85.22522 85.70002 86.17481 86.6496 87.12439 87.59918 88.07398 88.54877 89.02356 89.49835 89.97314 90.17019
0.00018731484083519314 0.0005921828508035837 0.0014343856836133567 0.002920735391284728 0.00611424386800934 0.010653543593414855 0.016074348552840758 0.022584574896364177 0.02996758649329683 0.03839417972515797 0.04800571241630817 0.0589899907941122 0.07113689538160979 0.0844979385817133 0.09898762481904946 0.11484356443546485 0.13214273591033324 0.151022524587318 0.1713955764680026 0.19325903087936208 0.2165879857641555 0.24196861940021835 0.26921975582929647 0.2979814209425307 0.32813913506891945 0.3592772728506123 0.3910176289675422 0.42303546631021127 0.45505790507587385 0.48678685096224134 0.5180763284911908 0.5483739802496581 0.5772599203029473 0.6038361488981061 0.6284595765863568 0.6511245510024174 0.671954105432519 0.6911499680460818 0.7086483762673385 0.724648092092686 0.7392827028658565 0.7526962160842396 0.7649917214767358 0.776229130869182 0.7865833713737918 0.796090487470681 0.8048997251379134 0.8130379097788489 0.8205723544499595 0.8275935456880665 0.8341152715313814 0.8402438394587465 0.8459854536815877 0.8514043880448936 0.8565296753365996 0.8613764791525848 0.8660039849917758 0.8704156418925721 0.8746483383350742 0.8787154160113476 0.8826235538828101 0.8864080599584367 0.8900562815423031 0.893524863410195 0.8968297498579776 0.9000017367408616 0.9030628780219088 0.9060316447219382 0.9089213696060928 0.9117383907896421 0.9144949186800575 0.9171974058195294 0.9198473823637993 0.9224514449031321 0.9250136243489936 0.9275367838090238 0.930019840690935 0.9324670352831116 0.9348811580605032 0.9372637079346209 0.9396137285074052 0.941933529823045 0.9442184682585475 0.9464711326215581 0.9487098575944368 0.9509906478511684 0.9533659941042629 0.9558299080115211 0.95829518002837 0.9606501741145257 0.9628349958922277 0.9648821908935784 0.9668608936730939 0.9688393116026145 0.9708678586677647 0.9729525386299744 0.9750818552356059 0.9771660251459017 0.9791284042353283 0.9809112722376246 0.9826191946643563 0.9840489610711304 0.9855077610773781 0.9874382909346898 0.9892557105921289 0.9902742140659735 0.9907140220522316 0.9912480991560116 0.9923808230143243 0.9942108373426889 0.9962793344167304 0.9982892181264498 0.9995726527897225 0.9999573094346726 0.9999981630916244 0.9999998016323831 0.9999999257636808 0.9999999828671777 0.9999999904818025 0.9999999961927203 1.0 1.0
0.06984029 0.07719355 0.08417629 0.0872739 0.06375345 0.06445045 0.07291816 0.08110032 0.09498917 0.1090703 0.1228997 0.134319 0.1464955 0.1563251 0.165421 0.1706195 0.1748401 0.1770109 0.1793835 0.1805058 0.1809079 0.1808385 0.1798064 0.1784615 0.175656 0.1741455 0.1742147 0.1746947 0.1752139 0.1767373 0.1789704 0.1829373 0.1885411 0.2006165 0.2120373 0.224436 0.2387515 0.2531307 0.2714192 0.2907037 0.3108503 0.3321131 0.3551515 0.3804253 0.4047504 0.432126 0.457488 0.4857765 0.5142928 0.5427716 0.5733647 0.6008064 0.6301993 0.6571234 0.6845586 0.7119652 0.736756 0.7613869 0.7844585 0.8054145 0.8259938 0.8445024 0.8634264 0.8906977 0.9145442 0.9338578 0.949218 0.9612608 0.9705628 0.9776782 0.9830926 0.9872621 0.9904269 0.9928095 0.9946284 0.9959832 0.9969963 0.9977596 0.9983317 0.9987598 0.9990789 0.9993178 0.9995196 0.9997215 0.9998479 0.9999181 0.9999565 0.999978 0.9999897 0.9999953 0.9999978 0.9999989 0.9999995 0.9999998 0.9999999 0.9999999 1.0 1.0 1.0 1.0 1.0 1.0 1.0 1.0 1.0 1.0 1.0 1.0 1.0 1.0 1.0 1.0 1.0 1.0 1.0 1.0 1.0 1.0 1.0 1.0 1.0 0.0
0.0 0.07121883999999999 0.1424377 0.2373962 0.3323546 0.4273131 0.5222715 0.61723 0.7121885 0.8071469 0.9021054000000001 0.9970638000000001 1.092022 1.186981 1.281939 1.376898 1.471856 1.566815 1.661773 1.756731 1.85169 1.994128 2.184045 2.373962 2.563878 2.753796 2.943713 3.13363 3.323547 3.513464 3.70338 4.035735 4.510526 4.985319 5.460112 5.934904 6.409696 6.884488 7.35928 7.834073 8.308866 8.783658 9.25845 9.733242 10.20804 10.68283 11.15762 11.63241 12.1072 12.582 13.05679 13.53158 14.00637 14.48116 14.95596 15.43075 15.90554 16.38034 16.85513 17.32992 17.80471 18.2795 18.7543 19.46648 20.41607 21.36565 22.31524 23.26482 24.21441 25.16399 26.11358 27.06316 28.01274 28.96233 29.91191 30.8615 31.81108 32.76067 33.71026 34.65984 35.60942 36.559 37.50859 38.93297 40.83214 42.73131 44.63048 46.52964 48.42881 50.32798 52.22715 54.12632 56.02549 57.92466 59.82383 61.723 63.62217 65.52134 67.42051 69.31968 71.21884 73.11801 75.01718 76.91635 78.81552 80.71469 82.61386 84.51303 86.4122 88.31137 90.21054 92.1097 94.00887 95.90804 97.80722 99.70638 100.8934 101.3682 101.843 102.3177 102.7925 103.2673 103.7421 104.2169 104.6917 105.1665 105.6413 106.1161 106.5909 107.0657 107.5405 108.0152 108.2042
0.0002640269463922025 0.0009067533145260216 0.0019496346685222313 0.004134778025331314 0.007195743275184668 0.0116110293915056 0.016943346710223735 0.023274624644712992 0.0306532346201428 0.039205779315701864 0.0489858716422591 0.05985412967930136 0.07182202229672818 0.08485791754433422 0.09905981040515316 0.11448885570558817 0.13107064930816242 0.14911544140728264 0.1685233026620974 0.1892447509516581 0.21146207350084645 0.2357964154844151 0.26198438808605623 0.28975330925211856 0.31898067797396873 0.34934876870021436 0.3804790338458028 0.412043198329394 0.443718320073352 0.4753456694190776 0.5065930734502306 0.5368887567954564 0.5659836157669327 0.592987034586224 0.6181209776929752 0.6413266863685315 0.6628336752878905 0.6826810267987875 0.7009693150280133 0.7176925413863784 0.733057045694252 0.7471777828848241 0.76013626638054 0.7720623186303753 0.7829879501362803 0.7930580422188435 0.8023346066457805 0.8109433725153303 0.8188891861218104 0.8262619098256014 0.8331057426628601 0.8394815191469741 0.8454434636954776 0.8510428721497675 0.8563067298413775 0.861276902097355 0.8659774747924615 0.8704421806310918 0.8746938575152221 0.8787555297107645 0.8826458261234806 0.8863843761173149 0.889969103481543 0.8933415556668336 0.8965318004975008 0.8995703143009504 0.9024835149970897 0.9052911546671872 0.9080091487081775 0.9106543580643758 0.9132343100916337 0.9157568853221014 0.9182282845165597 0.920653468782822 0.9230363550914713 0.9253799851681771 0.92768693524476 0.9299592856918533 0.9321987782634749 0.9344067640981603 0.9365828783718657 0.9387278865078993 0.9408422369444821 0.9429082995700722 0.9449233508920603 0.9468880706396238 0.948807648715587 0.9506826076045561 0.9525134294400173 0.9543048506946827 0.9560575311301652 0.9577742516458219 0.9594594608486424 0.961130863728536 0.9628176437131027 0.9645600641483238 0.9663769964626723 0.9682317327846328 0.9700420475152902 0.9717490662905117 0.9733484120537471 0.9748794100914343 0.9763922638527917 0.9779242336452878 0.979490765212099 0.9810882086488183 0.9826718332828829 0.9841885511839754 0.9855709555980281 0.9868612421488853 0.9880288088798806 0.9890313986005123 0.9902601093421466 0.9916589333341391 0.9926371900813973 0.9930949752025255 0.9934717585700502 0.9937868887540395 0.9942053831159772 0.9950716526093296 0.996372880553589 0.9978197864410647 0.9991118197378309 0.9998113887704027 0.9999835470321656 0.9999992854665591 0.9999999363592452 0.9999999629029193 0.9999999796679776 0.9999999914310362 0.9999999982083604 1.0 1.0
0.07323364 0.06941625 0.08649124 0.06846122 0.07150072 0.06804124 0.07654934 0.08703712 0.09801258 0.1067559 0.1143279 0.1228226 0.1298745 0.1367983 0.1422468 0.1466343 0.1520186 0.1555058 0.1594901 0.1622973 0.1629034 0.1638045 0.1639243 0.1632929 0.161328 0.1590398 0.1579002 0.1577934 0.1588723 0.159846 0.1607479 0.1647421 0.1689458 0.1783233 0.1880386 0.1989585 0.210501 0.2226735 0.2370398 0.2532198 0.2705007 0.2877253 0.3078697 0.3276347 0.3509184 0.3731021 0.3976286 0.4203113 0.4473173 0.4733736 0.5013708 0.5289157 0.556506 0.5830457 0.6108431 0.638311 0.6656411 0.6913123 0.716552 0.7405673 0.763769 0.7850924 0.8083186 0.8411755 0.8719253 0.8975471 0.9186544 0.9356932 0.9495012 0.9604722 0.9690753 0.9758549 0.9812036 0.9853913 0.9886445 0.9911906 0.9931663 0.9947051 0.9958978 0.9968221 0.9975418 0.9981018 0.9985972 0.9991217 0.9994771 0.9996893 0.9998162 0.9998918 0.9999366 0.9999631 0.9999786 0.9999877 0.999993 0.999996 0.9999978 0.9999987 0.9999993 0.9999997 0.9999999 0.9999999 1.0 1.0 1.0 1.0 1.0 1.0 1.0 1.0 1.0 1.0 1.0 1.0 1.0 1.0 1.0 1.0 1.0 1.0 1.0 1.0 1.0 1.0 1.0 1.0 1.0 1.0 1.0 1.0 1.0 1.0 1.0 1.0 0.0
0.0 0.07121883999999999 0.1424377 0.2373962 0.3323546 0.4273131 0.5222715 0.61723 0.7121885 0.8071469 0.9021054000000001 0.9970638000000001 1.092022 1.186981 1.281939 1.376898 1.471856 1.566815 1.661773 1.756731 1.85169 1.994128 2.184045 2.373962 2.563878 2.753796 2.943713 3.13363 3.323547 3.513464 3.70338 4.035735 4.510526 4.985319 5.460112 5.934904 6.409696 6.884488 7.35928 7.834073 8.308866 8.783658 9.25845 9.733242 10.20804 10.68283 11.15762 11.63241 12.1072 12.582 13.05679 13.53158 14.00637 14.48116 14.95596 15.43075 15.90554 16.38034 16.85513 17.32992 17.80471 18.2795 18.7543 19.46648 20.41607 21.36565 22.31524 23.26482 24.21441 25.16399 26.11358 27.06316 28.01274 28.96233 29.91191 30.8615 31.81108 32.76067 33.71026 34.65984 35.60942 36.559 37.50859 38.93297 40.83214 42.73131 44.63048 46.52964 48.42881 50.32798 52.22715 54.12632 56.02549 57.92466 59.82383 61.723 63.62217 65.52134 67.42051 69.31968 71.21884 73.11801 75.01718 76.91635 78.81552 80.71469 82.61386 84.51303 86.4122 88.31137 90.21054 92.1097 94.00887 95.90804 97.80722 99.70638 101.6056 103.5047 105.4039 107.3031 109.2022 111.1014 113.0006 114.8997 116.7989 118.6981 119.8851 120.3598 120.8346 121.3094 121.7842 122.259 122.7338 123.2086 123.6834 124.1582 124.633 125.1078 125.5826 126.0574 126.2383
0.00032803696144458375 0.0010175417597331593 0.0024847353473397265 0.005129286977457067 0.008952665449025775 0.014349504795455766 0.02065152046461629 0.02788416039912804 0.036105295698713576 0.04537372468193887 0.05541348173321631 0.06626195063046005 0.07808148317852132 0.09095453442036655 0.10503777905274662 0.12032215983341378 0.136791796032359 0.15465822419944564 0.173668992146029 0.19370113800957856 0.2149519486721869 0.23814647976698858 0.26307920059344686 0.28964132730807324 0.31766366775973087 0.3467110865744662 0.3765998637677183 0.40713435194889513 0.43799902697484383 0.4689452171810223 0.4996261595785168 0.5297027955240763 0.5587964909883604 0.5858520498544046 0.6112529024017488 0.634792611784168 0.6565447991778298 0.6768925619064164 0.6955735391835517 0.7128981006585454 0.7287340459974815 0.7433675739402742 0.756901260178792 0.7693046919349709 0.780789717641376 0.7912828762778222 0.8010452473828292 0.810096597576286 0.8184453771935613 0.8262064222884121 0.8333575091110144 0.8400459474478001 0.8462835719829164 0.8521111466284247 0.8575960464771928 0.8627237731982141 0.8675726936422822 0.8721496060093717 0.8764846575557869 0.880608798846521 0.8845282051590714 0.8882819924847367 0.8918638654290334 0.8952030160820577 0.8983265453647501 0.9012740071685815 0.9040834440183083 0.9067742857847939 0.9093643106249717 0.9118677475549201 0.9143006206021056 0.9166736909841328 0.9189917612731469 0.9212602198750178 0.9234834554851166 0.9256683792555316 0.9278159428499666 0.9299315536401312 0.9320145351777329 0.9340657683206728 0.9360892249373058 0.9380838981522605 0.9400501234501729 0.9419698154275022 0.943842515532384 0.9456706606645241 0.9474557672481945 0.9492005604638686 0.9509038336626607 0.952567377219865 0.954193575352298 0.9557829110566848 0.9573373517228257 0.9588550530281489 0.960341660471021 0.9617958666728731 0.963215960914939 0.9646087953444714 0.9659713307909796 0.9673093425634689 0.9686217723680682 0.969912206012923 0.9711894769433694 0.972467133512562 0.9737755164283729 0.9751352449305642 0.9765398752696374 0.9779442362937829 0.9792940928655336 0.9805692396219022 0.9817821952816643 0.9829679669922529 0.9841491173598331 0.9853465201878862 0.9865516374767165 0.9877535794624712 0.9889085814157409 0.9899795111720887 0.990947873244367 0.9918640198304044 0.9926210240531782 0.9934038441558682 0.9943741613955167 0.9952216748213013 0.9956857870485009 0.9958966130115596 0.9962686317559156 0.9969666391509983 0.9978695307222061 0.9987999147535843 0.9995680333800488 0.9999246796789071 0.999994847807809 0.999999779136935 0.9999999436078564 0.9999999763844525 0.9999999936914559 0.9999999964952561 0.9999999985981042 1.0 1.0
0.06894629 0.07513205 0.07639231 0.07456437 0.07782079 0.07518847 0.08181732 0.08689585 0.09069552 0.09378567 0.09980632 0.1057084 0.1100311 0.1144582 0.1192591 0.1252815 0.1318786 0.136029 0.1405015 0.1443462 0.1465504 0.1480125 0.149006 0.148681 0.147413 0.1468638 0.1459906 0.1453523 0.1455007 0.1461917 0.146622 0.1489194 0.1524143 0.1604097 0.1681438 0.1777839 0.1883699 0.1976311 0.2106318 0.2229072 0.2389259 0.2535469 0.2689707 0.2877101 0.30513 0.3274677 0.345695 0.3666263 0.3898372 0.412627 0.4397489 0.4630359 0.4892883 0.5148578 0.5398042 0.5681268 0.5934293 0.6209415 0.6459529 0.6715695 0.6964471 0.7198504 0.7458028 0.7835477 0.8198789 0.8511879 0.8784386 0.9009786 0.9197134 0.9352189 0.9478344 0.9581017 0.9664504 0.9732016 0.9785714 0.9828907 0.986349 0.9891377 0.9913514 0.9931132 0.9945171 0.9956504 0.9966739 0.9978051 0.9986145 0.9991278 0.9994501 0.9996566 0.999785 0.9998659 0.999917 0.9999485 0.9999683 0.9999805 0.9999881 0.9999928 0.9999957 0.9999974 0.9999985 0.999999 0.9999995 0.9999997 0.9999998 0.9999999 0.9999999 1.0 1.0 1.0 1.0 1.0 1.0 1.0 1.0 1.0 1.0 1.0 1.0 1.0 1.0 1.0 1.0 1.0 1.0 1.0 1.0 1.0 1.0 1.0 1.0 1.0 1.0 1.0 1.0 1.0 1.0 1.0 1.0 1.0 1.0 1.0 0.0
0.0 0.07121883999999999 0.1424377 0.2373962 0.3323546 0.4273131 0.5222715 0.61723 0.7121885 0.8071469 0.9021054000000001 0.9970638000000001 1.092022 1.186981 1.281939 1.376898 1.471856 1.566815 1.661773 1.756731 1.85169 1.994128 2.184045 2.373962 2.563878 2.753796 2.943713 3.13363 3.323547 3.513464 3.70338 4.035735 4.510526 4.985319 5.460112 5.934904 6.409696 6.884488 7.35928 7.834073 8.308866 8.783658 9.25845 9.733242 10.20804 10.68283 11.15762 11.63241 12.1072 12.582 13.05679 13.53158 14.00637 14.48116 14.95596 15.43075 15.90554 16.38034 16.85513 17.32992 17.80471 18.2795 18.7543 19.46648 20.41607 21.36565 22.31524 23.26482 24.21441 25.16399 26.11358 27.06316 28.01274 28.96233 29.91191 30.8615 31.81108 32.76067 33.71026 34.65984 35.60942 36.559 37.50859 38.93297 40.83214 42.73131 44.63048 46.52964 48.42881 50.32798 52.22715 54.12632 56.02549 57.92466 59.82383 61.723 63.62217 65.52134 67.42051 69.31968 71.21884 73.11801 75.01718 76.91635 78.81552 80.71469 82.61386 84.51303 86.4122 88.31137 90.21054 92.1097 94.00887 95.90804 97.80722 99.70638 101.6056 103.5047 105.4039 107.3031 109.2022 111.1014 113.0006 114.8997 116.7989 118.6981 120.5972 122.4964 124.3956 126.2948 128.1939 130.0931 131.9923 133.8914 135.7906 136.9776 137.4524 137.9272 138.402 138.8768 139.3516 139.8263 140.3011 140.7759 141.2507 141.7255 142.2003 142.6751 143.1499 143.6247 144.0995 144.2723
0.0004391154632972135 0.0013616916561340776 0.0031992956308121803 0.005856370757248427 0.009961870462419045 0.014827722096368876 0.02044658568548679 0.02709398567530544 0.03484675889186823 0.043767683272325594 0.05391809045360902 0.06526945854463614 0.07773471176457829 0.09126856815511006 0.10581577479404365 0.12141489259751062 0.13815874851662197 0.15612275009249887 0.17499972442775888 0.19478902068730344 0.2156233879621106 0.2382650434828596 0.26261279302629037 0.2884283416160355 0.31557415886274603 0.34375510593762604 0.3727720485696481 0.40240959862561815 0.4324094809170267 0.46245304147504723 0.49254004633935033 0.522236967019308 0.5509814479592022 0.578219015939508 0.6036709476389143 0.6273902839910388 0.6495251346459495 0.6701351722491504 0.68925398074249 0.7070161255998686 0.7233700121878872 0.7384457437188882 0.752458231897758 0.7653662103761909 0.7772575418924875 0.7882712286591609 0.7984649652934741 0.8079124280301099 0.8167026579166651 0.8248124460884495 0.832326707383612 0.8392981254145396 0.8457971307480705 0.8519065581023327 0.8576248122932613 0.8629572786622595 0.8679752385410004 0.8726921127447508 0.8771378269265704 0.8813631457987616 0.8853641218124917 0.889164589144604 0.892778695163534 0.8961212961753928 0.8992219315860049 0.9021292796069159 0.9048741996055915 0.9074827675242141 0.9099770777255403 0.9123786179769993 0.9146998796332761 0.916949315468386 0.9191400578883165 0.9212799173396328 0.9233705915235622 0.9254203337097657 0.9274307939566403 0.9294069905005633 0.9313516232437377 0.9332649299749346 0.9351508812136375 0.9370102094683689 0.9388395890993901 0.9406272387152708 0.9423697484505533 0.9440698535141815 0.9457322994724028 0.9473554788050622 0.948941752384576 0.9504944147977666 0.9520088366077858 0.9534908940473468 0.9549417058722073 0.9563582646286766 0.9577457093617386 0.9590988495551369 0.9604234640290111 0.961721043748734 0.9629880116735582 0.9642298556620497 0.9654447291291347 0.966634533534219 0.96780253623965 0.9689456987388205 0.9700692485562575 0.9711720146141657 0.9722553721739007 0.9733222214927837 0.9743722916022148 0.9754073091294261 0.9764282018334697 0.9774383859605392 0.9784474024128733 0.9794698979578654 0.980524718312751 0.9816173777098058 0.9827280227008479 0.9838169072543314 0.9848575602478076 0.9858486213083059 0.9868080764551961 0.9877513011359529 0.9886904289586482 0.9896276336274348 0.9905534652719115 0.9914490318081596 0.9922854391354816 0.9930412262855404 0.9937431327970897 0.9943598760471588 0.9949029962353474 0.9955518401187757 0.9962312813341007 0.9966796454619157 0.9968950608195843 0.9970721385868905 0.9972466019538597 0.997554086656554 0.998072125872034 0.9987110766365824 0.9993536984513925 0.9998103813577609 0.9999742195227099 0.9999985322973112 0.9999999077798652 0.9999999818534072 0.9999999885750024 0.9999999936621934 0.9999999972619368 0.999999999374539 1.0 1.0
0.06681903 0.06193306 0.06081847 0.06681883 0.06092694 0.06718178 0.0726115 0.07707367 0.0837273 0.09050761 0.09483807 0.09792007 0.1009173 0.1040417 0.1070087 0.1096748 0.1119697 0.1140274 0.1177569 0.1210759 0.1240164 0.1291846 0.1339755 0.13537 0.1349713 0.1349993 0.1350135 0.1347938 0.1344418 0.1344753 0.1345248 0.1369501 0.1400258 0.1445545 0.1525715 0.1608395 0.1686212 0.1780564 0.1883168 0.198633 0.2120404 0.2257112 0.2381591 0.2541128 0.2707248 0.2868745 0.3048113 0.3230024 0.3410723 0.3639689 0.3862847 0.4095795 0.4333388 0.4539533 0.4777877 0.5060528 0.5294427 0.5563725 0.5826902 0.6050578 0.6319072 0.6574291 0.6822438 0.72423 0.7643242 0.800075 0.8314438 0.8597082 0.8830694 0.9030845 0.920098 0.9342096 0.9460153 0.9557312 0.9638497 0.9704748 0.9758654 0.9803318 0.9839951 0.9869685 0.9893702 0.9913819 0.9932305 0.99536 0.9969226 0.9979752 0.9986649 0.9991233 0.9994251 0.9996239 0.9997545 0.99984 0.9998967 0.9999328 0.9999569 0.9999722 0.9999823 0.9999887 0.9999928 0.9999955 0.9999971 0.9999983 0.9999989 0.9999993 0.9999996 0.9999998 0.9999998 0.9999999 0.9999999 1.0 1.0 1.0 1.0 1.0 1.0 1.0 1.0 1.0 1.0 1.0 1.0 1.0 1.0 1.0 1.0 1.0 1.0 1.0 1.0 1.0 1.0 1.0 1.0 1.0 1.0 1.0 1.0 1.0 1.0 1.0 1.0 1.0 1.0 1.0 1.0 1.0 1.0 1.0 1.0 1.0 1.0 0.0
0.0 0.07121883999999999 0.1424377 0.2373962 0.3323546 0.4273131 0.5222715 0.61723 0.7121885 0.8071469 0.9021054000000001 0.9970638000000001 1.092022 1.186981 1.281939 1.376898 1.471856 1.566815 1.661773 1.756731 1.85169 1.994128 2.184045 2.373962 2.563878 2.753796 2.943713 3.13363 3.323547 3.513464 3.70338 4.035735 4.510526 4.985319 5.460112 5.934904 6.409696 6.884488 7.35928 7.834073 8.308866 8.783658 9.25845 9.733242 10.20804 10.68283 11.15762 11.63241 12.1072 12.582 13.05679 13.53158 14.00637 14.48116 14.95596 15.43075 15.90554 16.38034 16.85513 17.32992 17.80471 18.2795 18.7543 19.46648 20.41607 21.36565 22.31524 23.26482 24.21441 25.16399 26.11358 27.06316 28.01274 28.96233 29.91191 30.8615 31.81108 32.76067 33.71026 34.65984 35.60942 36.559 37.50859 38.93297 40.83214 42.73131 44.63048 46.52964 48.42881 50.32798 52.22715 54.12632 56.02549 57.92466 59.82383 61.723 63.62217 65.52134 67.42051 69.31968 71.21884 73.11801 75.01718 76.91635 78.81552 80.71469 82.61386 84.51303 86.4122 88.31137 90.21054 92.1097 94.00887 95.90804 97.80722 99.70638 101.6056 103.5047 105.4039 107.3031 109.2022 111.1014 113.0006 114.8997 116.7989 118.6981 120.5972 122.4964 124.3956 126.2948 128.1939 130.0931 131.9923 133.8914 135.7906 137.6898 139.5889 141.4881 143.3873 145.2864 147.1856 149.0848 150.984 152.8831 154.7823 156.6815 158.5806 160.4798 162.379 164.2781 166.1773 168.0765 169.9756 171.8748 173.0618 173.5366 174.0114 174.4862 174.961 175.4358 175.9106 176.3853 176.8601 177.3349 177.8097 178.2845 178.7593 179.2341 179.7089 180.1837 180.3404
0.0005328566601237728 0.0015987159350383839 0.0036941879411494416 0.006855793685033005 0.011313359853412775 0.017183652307560433 0.024199727195317447 0.03239537110725239 0.04150167852643946 0.05132632545616228 0.062341000785329725 0.07451533913481115 0.0879034756438022 0.10244421573308793 0.11801421707090248 0.1341238677054308 0.151097110403273 0.16907364463147778 0.187972123003156 0.20776236311441565 0.22848299827202898 0.250703826134697 0.27422816959712 0.2988296457367741 0.32438145696855075 0.3508130174027331 0.3779453006616887 0.40558713591822815 0.4336141978805829 0.46184163049491417 0.4902338472049342 0.5183621880894708 0.5458123376350099 0.5721441169908241 0.5969927331044874 0.6202902000367663 0.6423390184094401 0.6629951313916388 0.6821650769335832 0.7000884632378331 0.7168653096760906 0.7324807569568866 0.7469357922954618 0.760368570507432 0.772843856316784 0.78438371738834 0.7951736863587977 0.8052650175711545 0.8146822169416679 0.823356847475865 0.831417162050287 0.8389207170155676 0.8459110179261112 0.8524266172391664 0.8585595174578416 0.864318952448829 0.8696705398882248 0.8746927378562439 0.8794078267796137 0.8838476869022308 0.8880282502610912 0.8920004512052866 0.8957470100639126 0.8991545413368495 0.9022772214391027 0.9051627541429932 0.9078424303419399 0.9103599343103479 0.9127338061206489 0.9149929524563503 0.9171461603841431 0.9192192106896214 0.9212141684398385 0.9231449137959753 0.9250196044750064 0.9268419744483707 0.9286229132959074 0.9303611593395178 0.9320672621655165 0.933736565692367 0.935379405467907 0.9369914232772675 0.9385768105299837 0.9401190488172486 0.941621673816405 0.9430882722676536 0.9445160791172722 0.9459107295770858 0.9472739623373851 0.9486070765223639 0.9499109921145009 0.9511866354791321 0.9524347614954974 0.9536568824752203 0.9548537328723978 0.9560234374035964 0.9571691096265388 0.9582914048478935 0.9593885877815606 0.9604630064679273 0.9615153238730906 0.962546285514767 0.9635573854070557 0.9645494465130066 0.9655209931160443 0.9664742558119844 0.9674099218217811 0.9683291302726758 0.9692325075357175 0.9701189995884273 0.9709903574612861 0.9718476398575352 0.9726913842137472 0.9735205535283955 0.974336750749675 0.975140474165968 0.9759322139807044 0.9767124620994094 0.9774820159537042 0.978241369576733 0.978989875321256 0.9797290859236583 0.9804594949915603 0.9811804672179127 0.9818932438556713 0.9825983291505518 0.9832962043699839 0.9839873818446357 0.984672438159271 0.9853524762716067 0.9860300854940311 0.9867091976665548 0.9873985079427255 0.9881082118730472 0.9888391822068556 0.9895773149574455 0.9903019220081888 0.9909986040588558 0.9916658185856326 0.992308637406819 0.9929315472454747 0.9935368791210347 0.9941257874795975 0.9946954485451552 0.9952362871809198 0.9957351398078077 0.9961836542444626 0.9966020577652259 0.9969594786176318 0.9972884961811982 0.9976753547708275 0.9980468153558432 0.9982772999023782 0.9983895432965899 0.9984902018050557 0.9986351475551664 0.9988901363158637 0.9992132382474137 0.9995597920727424 0.9998418215950375 0.9999727714414909 0.9999979975567979 0.9999999052736565 0.9999999812479541 0.9999999959261426 0.9999999975565329 0.9999999987782457 0.9999999995927197 0.9999999999999574 1.0 1.0
0.08148741 0.08596941 0.08250377 0.08077322 0.07360746 0.06801692 0.06748775 0.06781058 0.07047603 0.07462198 0.07513899 0.07602283 0.07644669 0.07708741 0.07791398 0.08100373 0.08225866 0.08297047 0.08550426 0.08988563 0.09543554 0.1009417 0.1060248 0.1106791 0.1138981 0.1152733 0.115528 0.1157043 0.1157365 0.115862 0.1161995 0.1184743 0.1209836 0.1243901 0.1291507 0.1357683 0.1412905 0.147825 0.1565307 0.1648142 0.1732878 0.1824929 0.193972 0.2055003 0.2172068 0.2306482 0.2428753 0.2556342 0.2690044 0.2876203 0.3052541 0.3229678 0.341022 0.361131 0.3791316 0.3972492 0.422045 0.4447502 0.4679321 0.4900595 0.5148365 0.5366799 0.5610039 0.6050521 0.6471745 0.6873408 0.725409 0.7601638 0.7910269 0.8198192 0.8449523 0.8668969 0.8860822 0.903268 0.9175556 0.9299831 0.940959 0.9499107 0.957774 0.9643297 0.9700704 0.9746335 0.9793659 0.9849446 0.9893829 0.9925208 0.9947194 0.9962856 0.9973902 0.9981714 0.9987193 0.9991047 0.9993756 0.9995649 0.9996973 0.9997892 0.9998538 0.9998991 0.9999304 0.9999521 0.9999672 0.9999776 0.9999847 0.9999896 0.999993 0.9999952 0.9999968 0.9999979 0.9999986 0.9999991 0.9999993 0.9999996 0.9999997 0.9999998 0.9999999 0.9999999 1.0 1.0 1.0 1.0 1.0 1.0 1.0 1.0 1.0 1.0 1.0 1.0 1.0 1.0 1.0 1.0 1.0 1.0 1.0 1.0 1.0 1.0 1.0 1.0 1.0 1.0 1.0 1.0 1.0 1.0 1.0 1.0 1.0 1.0 1.0 1.0 1.0 1.0 1.0 1.0 1.0 1.0 1.0 1.0 1.0 1.0 1.0 1.0 1.0 1.0 1.0 1.0 1.0 1.0 0.0
