5.547481 6.430885 7.0 8.0 9.0 10.0 11.0 12.0 13.0 14.0 15.0 16.0 17.0 18.0 19.0 20.0 23.0 27.0 30.0 35.0 40.0 50.0 60.0 70.0 80.0 90.0 100.0 110.0 120.0 130.0 140.0 150.0
0.0 0.1
0.9999999999999999 0.9999999999999999
0.0 0.0
0.0 0.1
0.9999999999999999 0.9999999999999999
0.0 0.0
0.0 0.3527721 0.5879536 0.823135 1.058316 1.293498 1.528679 1.763861 1.999042 2.234224 2.469405 2.704586 2.939768 3.174949 3.410131 3.645312 3.880494 4.115675 4.350856 4.586038 4.821219 5.056401 5.291582 5.526764 5.761945 5.997127 6.232308
0.0 0.9999867402122308 0.9999867402122308 0.9999867402122308 0.9999867402122308 0.9999867402122308 0.9999867402122308 0.9999867402122308 0.9999867402122308 0.9999867402122308 0.9999867402122308 0.9999867402122308 0.9999867402122308 0.9999867402122308 0.9999867402122308 0.9999867402122308 0.9999867402122308 0.9999867402122308 0.9999867402122308 0.9999867402122308 0.9999867402122308 0.9999867402122308 0.9999867402122308 0.9999867402122308 0.9999867402122308 1.0 1.0
0.0 0.0 0.0 0.0 0.0 0.0 0.0 0.0 0.0 0.0 0.0 0.0 0.0 0.0 0.0 0.0 0.0 0.0 0.0 0.0 0.0 0.0 0.0 0.0 0.0 0.0 0.0
0.0 0.3527721 0.5879536 0.823135 1.058316 1.293498 1.528679
0.0 0.02352164994655854 0.02352164994655854 0.02352164994655854 0.02352164994655854 0.9999999999999999 0.9999999999999999
0.0 0.0 0.0 0.0 0.0 0.0 0.0
0.0 0.3527721 0.5879536 0.823135 1.058316 1.293498 1.528679 1.763861 1.999042 2.234224 2.469405 2.704586 2.939768 3.174949 3.410131 3.645312 3.880494 4.115675 4.350856 4.586038 4.821219 5.056401 5.291582 5.526764 5.761945 5.997127 6.232308 6.467489 6.702671 6.937852 7.173034 7.408215 7.643397 7.878578 8.113759
0.0 0.0007472073093933065 0.0007472073093933065 0.0007472073093933065 0.02583774726425332 0.11918468092622064 0.11918468092622064 0.11918468092622064 0.3908288472125009 0.9999992525723257 0.9999992525723257 0.9999992525723257 0.9999992525723257 0.9999992525723257 0.9999992525723257 0.9999992525723257 0.9999992525723257 0.9999992525723257 0.9999992525723257 0.9999992525723257 0.9999992525723257 0.9999992525723257 0.9999992525723257 0.9999992525723257 0.9999992525723257 0.9999992525723257 0.9999992525723257 0.9999992525723257 0.9999992525723257 0.9999992525723257 0.9999992525723257 0.9999992525723257 0.9999992525723257 1.0 1.0
0.0 0.0 0.0 0.0 0.0 0.0 0.0 0.0 0.0 0.0 0.0 0.0 0.0 0.0 0.0 0.0 0.0 0.0 0.0 0.0 0.0 0.0 0.0 0.0 0.0 0.0 0.0 0.0 0.0 0.0 0.0 0.0 0.0 0.0 0.0
0.0 0.3527721 0.5879536 0.823135 1.058316 1.293498 1.528679 1.763861 1.999042 2.234224 2.469405 2.704586 2.939768 3.174949
0.0 0.02258527678649054 0.02258527678649054 0.02258527678649054 0.02258527678649054 0.02259877420278235 0.02259877420278235 0.02259877420278235 0.0659530872742071 0.20973905234701481 0.20973905234701481 0.20973905234701481 1.0 1.0
0.0 0.0 0.0 0.0 0.0 0.0 0.0 0.0 0.0 0.0 0.0 0.0 0.0 0.0
0.0 0.3527721 0.5879536 0.823135 1.058316 1.293498 1.528679 1.763861 1.999042 2.234224 2.469405 2.704586 2.939768 3.174949 3.410131 3.645312 3.880494 4.115675 4.350856 4.586038 4.821219 5.056401 5.291582 5.526764 5.761945 5.997127 6.232308 6.467489 6.702671 6.937852 7.173034 7.408215 7.643397 7.878578 8.113759 8.348941 8.584122 8.819304 9.054485 9.289667 9.524848 9.760029
0.0 0.033260959470566544 0.0438131441341836 0.0438131441341836 0.0438131441341836 0.10562437869162529 0.10562437869162529 0.10562437869162529 0.10562437869162529 0.10562437869162529 0.10562437869162529 0.10562437869162529 0.1546669539826226 0.32633200687579955 0.32633200687579955 0.32633200687579955 0.999999384226769 0.999999384226769 0.999999384226769 0.999999384226769 0.999999384226769 0.999999384226769 0.999999384226769 0.999999384226769 0.999999384226769 0.999999384226769 0.999999384226769 0.999999384226769 0.999999384226769 0.999999384226769 0.999999384226769 0.999999384226769 0.999999384226769 0.999999384226769 0.999999384226769 0.999999384226769 0.999999384226769 0.999999384226769 0.999999384226769 0.999999384226769 1.0 1.0
0.0 0.0 0.0 0.0 0.0 0.0 0.0 0.0 0.0 0.0 0.0 0.0 0.0 0.0 0.0 0.0 0.0 0.0 0.0 0.0 0.0 0.0 0.0 0.0 0.0 0.0 0.0 0.0 0.0 0.0 0.0 0.0 0.0 0.0 0.0 0.0 0.0 0.0 0.0 0.0 0.0 0.0
0.0 0.3527721 0.5879536 0.823135 1.058316 1.293498 1.528679 1.763861 1.999042 2.234224 2.469405 2.704586 2.939768 3.174949 3.410131 3.645312 3.880494 4.115675 4.350856 4.586038 4.821219 5.056401
0.0 0.044474435096624604 0.044474435096624604 0.06706987397533853 0.06706987397533853 0.12822718750157722 0.1670395115796785 0.1670395115796785 0.1670395115796785 0.2768612764479827 0.2768612764479827 0.2768612764479827 0.2768612764479827 0.2768612764479827 0.2768612764479827 0.2768612764479827 0.4730070513372556 0.4730070513372556 0.4730070513372556 0.4730070513372556 1.0 1.0
0.0 0.0 0.0 0.0 0.0 0.0 0.0 0.0 0.0 0.0 0.0 0.0 0.0 0.0 0.0 0.0 0.0 0.0 0.0 0.0 0.0 0.0
0.0 0.3527721 0.5879536 0.823135 1.058316 1.293498 1.528679 1.763861 1.999042 2.234224 2.469405 2.704586 2.939768 3.174949 3.410131 3.645312 3.880494 4.115675 4.350856 4.586038 4.821219 5.056401 5.291582 5.526764 5.761945 5.997127
0.0 0.037056122974949604 0.04566629531969584 0.05419252201356574 0.08855212554756513 0.1414199882946969 0.1970262092548159 0.1970262092548159 0.1970262092548159 0.31382181070515414 0.31382181070515414 0.31382181070515414 0.42889564908588507 0.42889564908588507 0.42889564908588507 0.42889564908588507 0.42889564908588507 0.42910909008707204 0.42910909008707204 0.44555736714773087 0.6060967570558717 0.6060967570558717 0.6060967570558717 0.7033092497155573 1.0 1.0
0.0 0.0 0.0 0.0 0.0 0.0 0.0 0.0 0.0 0.0 0.0 0.0 0.0 0.0 0.0 0.0 0.0 0.0 0.0 0.0 0.0 0.0 0.0 0.0 0.0 0.0
0.0 0.3527721 0.5879536 0.823135 1.058316 1.293498 1.528679 1.763861 1.999042 2.234224 2.469405 2.704586 2.939768 3.174949 3.410131 3.645312 3.880494 4.115675 4.350856 4.586038 4.821219 5.056401 5.291582 5.526764 5.761945 5.997127 6.232308 6.467489 6.702671 6.937852 7.173034 7.408215 7.643397 7.878578 8.113759 8.348941 8.584122 8.819304 9.054485 9.289667 9.524848 9.760029 9.995211 10.23039 10.46557 10.70076 10.93594 11.17112 11.4063 11.64148 11.87666 12.11184 12.34703 12.58221
7.318351969593969e-13 0.025225441726640853 0.03275177638672198 0.04915006678606336 0.04915006678606336 0.11071402500480389 0.12431690198675567 0.16291661729705414 0.20866349601992099 0.20866349601992099 0.2893207050146419 0.2893207050146419 0.34066334938214854 0.3977331552547294 0.3977331552547294 0.3977331552547294 0.5058651751673031 0.5081000560077485 0.5081000560077485 0.5081052225908163 0.5081053888746647 0.5081054422850713 0.5081054422850713 0.515767163834317 0.6735631971972026 0.6735631971972026 0.6735631971972026 0.9999999496511853 0.9999999496511853 0.9999999496511853 0.9999999496511853 0.9999999496511853 0.9999999496511853 0.9999999496511853 0.9999999496511853 0.9999999496511853 0.9999999496511853 0.9999999496511853 0.9999999496511853 0.9999999496511853 0.9999999496511853 0.9999999496511853 0.9999999496511853 0.9999999496511853 0.9999999496511853 0.9999999496511853 0.9999999496511853 0.9999999496511853 0.9999999496511853 0.9999999496511853 0.9999999496511853 0.9999999496511853 1.0 1.0
0.0 0.0 0.0 0.0 0.0 0.0 0.0 0.0 0.0 0.0 0.0 0.0 0.0 0.0 0.0 0.0 0.0 0.0 0.0 0.0 0.0 0.0 0.0 0.0 0.0 0.0 0.0 0.0 0.0 0.0 0.0 0.0 0.0 0.0 0.0 0.0 0.0 0.0 0.0 0.0 0.0 0.0 0.0 0.0 0.0 0.0 0.0 0.0 0.0 0.0 0.0 0.0 0.0 0.0
0.0 0.3527721 0.5879536 0.823135 1.058316 1.293498 1.528679 1.763861 1.999042 2.234224 2.469405 2.704586 2.939768 3.174949 3.410131 3.645312 3.880494 4.115675 4.350856 4.586038 4.821219 5.056401 5.291582 5.526764 5.761945 5.997127 6.232308 6.467489 6.702671 6.937852 7.173034 7.408215 7.643397 7.878578 8.113759 8.348941 8.584122 8.819304 9.054485 9.289667 9.524848 9.760029 9.995211 10.23039 10.46557 10.70076 10.93594 11.17112 11.4063 11.64148 11.87666 12.11184 12.34703 12.58221 12.81739 13.05257 13.28775
2.2744581087191284e-12 0.018001308613406257 0.03657103184753005 0.042334295451347675 0.05501241424128141 0.09674288380435686 0.11247796800749235 0.14985229013731835 0.14985229013731835 0.20647557465415461 0.23539409074948078 0.2602378304354009 0.30810013753647747 0.30810013753647747 0.37561161520851144 0.37561161520851144 0.4155522132285723 0.4685028344892685 0.4685028344892685 0.46890260570617925 0.5627108678097988 0.5627610136577141 0.5627610136577141 0.5627624241017015 0.5627624241017015 0.5627624241017015 0.5627624241017015 0.5661778412417429 0.7300451129502589 0.7300451129502589 0.7300451129502589 0.9999999614013234 0.9999999614013234 0.9999999614013234 0.9999999614013234 0.9999999614013234 0.9999999614013234 0.9999999614013234 0.9999999614013234 0.9999999614013234 0.9999999614013234 0.9999999614013234 0.9999999614013234 0.9999999614013234 0.9999999614013234 0.9999999614013234 0.9999999614013234 0.9999999614013234 0.9999999614013234 0.9999999614013234 0.9999999614013234 0.9999999614013234 0.9999999614013234 0.9999999614013234 0.9999999614013234 1.0 1.0
0.0 0.9684 0.9684 0.9684 0.9684 0.9684 0.9684 0.9684 0.9684 0.9684 0.9684 0.9684 0.9684 0.9684 0.9684 0.9684 0.9684 0.9684 0.9684 0.9684 0.9684 0.9684 0.9684 0.9684 0.9684 0.9684 0.9684 0.9684 0.9684 0.9684 0.9684 0.9684 0.9684 0.9684 0.9684 0.9684 0.9684 0.9684 0.9684 0.9684 0.9684 0.9684 0.9684 0.9684 0.9684 0.9684 0.9684 0.9684 0.9684 0.9684 0.9684 0.9684 0.9684 0.9684 0.9684 0.9684 0.9684
0.0 0.3527721 0.5879536 0.823135 1.058316 1.293498 1.528679 1.763861 1.999042 2.234224 2.469405 2.704586 2.939768 3.174949 3.410131 3.645312 3.880494 4.115675 4.350856 4.586038 4.821219 5.056401 5.291582 5.526764 5.761945 5.997127 6.232308 6.467489 6.702671 6.937852 7.173034 7.408215 7.643397 7.878578 8.113759 8.348941 8.584122
7.209348341217634e-07 0.012178669256037302 0.04048829177520456 0.045697101454572675 0.05270458879481708 0.08353961397796826 0.10478168614887715 0.12722637312561216 0.14699398652525666 0.19386883811613045 0.19386883811613045 0.24393790157334588 0.24393790157334588 0.296735658599151 0.3208944449072582 0.3779492696360374 0.3779492696360374 0.3880888456445073 0.44184416774110497 0.4433525719072075 0.47579859049219797 0.5146695329815455 0.5146695329815455 0.5148036769919846 0.5955198320809045 0.5955198320809045 0.5955198320809045 0.5955247158838362 0.5955247158838362 0.5955247184699862 0.5955247184699862 0.5966386959484801 0.7693222310810689 0.7693222310810689 0.7693222310810689 1.0 1.0
1.0 0.9845 0.9842 0.9839 0.9838 0.8898 0.8898 0.8898 0.8898 0.8898 0.8898 0.8898 0.8898 0.8898 0.8898 0.8898 0.8898 0.8898 0.8898 0.8898 0.8898 0.8898 0.8898 0.8898 0.8898 0.8898 0.8898 0.8898 0.8898 0.8898 0.8898 0.8898 0.8898 0.8898 0.8898 0.8898 0.8898
0.0 0.3527721 0.5879536 0.823135 1.058316 1.293498 1.528679 1.763861 1.999042 2.234224 2.469405 2.704586 2.939768 3.174949 3.410131 3.645312 3.880494 4.115675 4.350856 4.586038 4.821219 5.056401 5.291582 5.526764 5.761945 5.997127 6.232308 6.467489 6.702671 6.937852 7.173034 7.408215 7.643397 7.878578 8.113759 8.348941 8.584122 8.819304 9.054485 9.289667 9.524848
2.159370018853091e-06 0.008799384252401355 0.04410993856337755 0.04844009667183692 0.05615938747242949 0.0794290723021823 0.09110374979067716 0.1057198587105717 0.12445027834126188 0.1471945320119364 0.1944630166314929 0.21776448861764122 0.24070648304813627 0.28462165314601706 0.2846216991289751 0.32684565421978484 0.32684565421978484 0.37938931104548573 0.39913073910617936 0.4477205214622054 0.4481500368288683 0.4494218789145763 0.49471930584139284 0.4955568912976907 0.5551713089679206 0.5551713089679206 0.5551713089679206 0.624890354723118 0.624890354723118 0.6248959560923197 0.6248959560923197 0.6248959560923197 0.6248959855055521 0.6248959855055521 0.6248959855055521 0.798578764417334 0.798578764417334 0.798578764417334 0.8744027739139693 1.0 1.0
1.0 0.9959 0.9958 0.9958 0.703 0.8069 0.8806 0.9243 0.9524 0.9697 0.9697 0.9697 0.9697 0.9697 0.9697 0.9697 0.9697 0.9697 0.9697 0.9697 0.9697 0.9697 0.9697 0.9697 0.9697 0.9697 0.9697 0.9697 0.9697 0.9697 0.9697 0.9697 0.9697 0.9697 0.9697 0.9697 0.9697 0.9697 0.9697 0.9697 0.9697
0.0 0.3527721 0.5879536 0.823135 1.058316 1.293498 1.528679 1.763861 1.999042 2.234224 2.469405 2.704586 2.939768 3.174949 3.410131 3.645312 3.880494 4.115675 4.350856 4.586038 4.821219 5.056401 5.291582 5.526764 5.761945 5.997127 6.232308 6.467489 6.702671 6.937852 7.173034 7.408215 7.643397 7.878578 8.113759 8.348941 8.584122 8.819304 9.054485 9.289667 9.524848 9.760029 9.995211 10.23039 10.46557 10.70076 10.93594 11.17112 11.4063 11.64148 11.87666 12.11184 12.34703 12.58221 12.81739 13.05257 13.28775 13.52293 13.75811 13.9933 14.22848 14.46366 14.69884 14.93402 15.1692 15.40438 15.63957 15.87475 16.10993
3.898586663629262e-06 0.007292479318839149 0.03826377048924305 0.0419069261027141 0.049048576949440446 0.07105876080702553 0.08191932170564153 0.09536436694225929 0.11231987817030659 0.13328322275328183 0.15567879211769206 0.17901717980699755 0.20258017090438896 0.22620155766493688 0.274807327826482 0.29090158416072265 0.31071719643850354 0.35862816874397424 0.3586281687492363 0.397341929939407 0.4205029269849386 0.43675733042681686 0.4671769084027026 0.49675333578663344 0.49675333578663344 0.536256132215991 0.536256132215991 0.5608283828738732 0.5894361901278145 0.5896325578334319 0.5896325578334319 0.6514656159683115 0.6514808257455403 0.6514817812213546 0.6514818269120217 0.6514818432247784 0.6514818432273717 0.6514818432273717 0.6517372429983386 0.8161864859037542 0.8161864859037542 0.8161864859037542 0.8942329364626255 0.9999999941155845 0.9999999941155845 0.9999999941155845 0.9999999941155845 0.9999999941155845 0.9999999941155845 0.9999999941155845 0.9999999941155845 0.9999999941155845 0.9999999941155845 0.9999999941155845 0.9999999941155845 0.9999999941155845 0.9999999941155845 0.9999999941155845 0.9999999941155845 0.9999999941155845 0.9999999941155845 0.9999999941155845 0.9999999941155845 0.9999999941155845 0.9999999941155845 0.9999999941155845 0.9999999941155845 1.0 1.0
1.0 0.9935 0.9934 0.9934 0.6143 0.6997 0.7772 0.8323 0.8791 0.9145 0.9391 0.9546 0.9661 0.9661 0.9661 0.9661 0.9661 0.9661 0.9661 0.9661 0.9661 0.9661 0.9661 0.9661 0.9661 0.9661 0.9661 0.9661 0.9661 0.9661 0.9661 0.9661 0.9661 0.9661 0.9661 0.9661 0.9661 0.9661 0.9661 0.9661 0.9661 0.9661 0.9661 0.9661 0.9661 0.9661 0.9661 0.9661 0.9661 0.9661 0.9661 0.9661 0.9661 0.9661 0.9661 0.9661 0.9661 0.9661 0.9661 0.9661 0.9661 0.9661 0.9661 0.9661 0.9661 0.9661 0.9661 0.9661 0.9661
0.0 0.3527721 0.5879536 0.823135 1.058316 1.293498 1.528679 1.763861 1.999042 2.234224 2.469405 2.704586 2.939768 3.174949 3.410131 3.645312 3.880494 4.115675 4.350856 4.586038 4.821219 5.056401 5.291582 5.526764 5.761945 5.997127 6.232308 6.467489 6.702671 6.937852 7.173034 7.408215 7.643397 7.878578 8.113759 8.348941 8.584122 8.819304 9.054485 9.289667 9.524848 9.760029 9.995211 10.23039 10.46557 10.70076 10.93594 11.17112 11.4063 11.64148 11.87666 12.11184 12.34703 12.58221 12.81739 13.05257 13.28775 13.52293 13.75811 13.9933 14.22848 14.46366 14.69884 14.93402 15.1692 15.40438 15.63957 15.87475 16.10993 16.34511 16.58029 16.81547
3.916766345335762e-06 0.006999562209724608 0.03686806290987406 0.04059019271743557 0.045419730577816966 0.06880616430167814 0.07877754276681162 0.0911743050970469 0.10704258505381711 0.12830821193163797 0.14986542438054226 0.17308746595855495 0.1959358411316894 0.21881042967903883 0.24181984565599263 0.26422937611337555 0.2863433158519728 0.33087232693344115 0.3487846903460655 0.3802605417197506 0.396642531845474 0.4197537674728193 0.4534027466091211 0.45607461286114215 0.49085004272844607 0.5066603127185567 0.5196937877015796 0.5469111063975297 0.5469111063975297 0.5840618263859215 0.5840618263859215 0.6060153320899931 0.632861322089119 0.6329227628892887 0.6329500378745857 0.6906396632724756 0.6906430843694553 0.6906439159655868 0.6906439558500848 0.6906439696026754 0.6906439696047789 0.6906439696047789 0.702543084689611 0.8070633993563653 0.8070633993563653 0.8070633993563653 0.9999999953443156 0.9999999953443156 0.9999999953443156 0.9999999953443156 0.9999999953443156 0.9999999953443156 0.9999999953443156 0.9999999953443156 0.9999999953443156 0.9999999953443156 0.9999999953443156 0.9999999953443156 0.9999999953443156 0.9999999953443156 0.9999999953443156 0.9999999953443156 0.9999999953443156 0.9999999953443156 0.9999999953443156 0.9999999953443156 0.9999999953443156 0.9999999953443156 0.9999999953443156 0.9999999953443156 1.0 1.0
1.0 1.0 0.9906 0.9847 0.9813 0.6639 0.7383 0.7898 0.8255 0.8497 0.868 0.8831 0.9001 0.9168 0.9327 0.9384 0.9496 0.9496 0.9496 0.9496 0.9496 0.9496 0.9496 0.9496 0.9496 0.9496 0.9496 0.9496 0.9496 0.9496 0.9496 0.9496 0.9496 0.9496 0.9496 0.9496 0.9496 0.9496 0.9496 0.9496 0.9496 0.9496 0.9496 0.9496 0.9496 0.9496 0.9496 0.9496 0.9496 0.9496 0.9496 0.9496 0.9496 0.9496 0.9496 0.9496 0.9496 0.9496 0.9496 0.9496 0.9496 0.9496 0.9496 0.9496 0.9496 0.9496 0.9496 0.9496 0.9496 0.9496 0.9496 0.9496
0.0 0.3527721 0.5879536 0.823135 1.058316 1.293498 1.528679 1.763861 1.999042 2.234224 2.469405 2.704586 2.939768 3.174949 3.410131 3.645312 3.880494 4.115675 4.350856 4.586038 4.821219 5.056401 5.291582 5.526764 5.761945 5.997127 6.232308 6.467489 6.702671 6.937852 7.173034 7.408215 7.643397 7.878578 8.113759 8.348941 8.584122 8.819304 9.054485 9.289667 9.524848 9.760029 9.995211 10.23039 10.46557 10.70076 10.93594 11.17112 11.4063 11.64148 11.87666 12.11184
1.3077113733158076e-05 0.006439632795628686 0.0348814144333769 0.03872118795044112 0.04504449360587936 0.06798900507729279 0.07699301321569299 0.08808037321020461 0.10223377592468215 0.12264970125660903 0.14209447615290396 0.16400934248097176 0.1851192833431123 0.20661250894311955 0.22944363165034035 0.25087756997603294 0.27257135961085127 0.3048745163212423 0.3259557719168187 0.35040553434339505 0.3723057299579409 0.407061797984318 0.4335913539487053 0.45361180265772255 0.46784131058053136 0.48604540830477944 0.5160476524511759 0.5187598529889952 0.5501821789306501 0.5660446633265224 0.6006722508976728 0.6006722508976728 0.6015015871797272 0.6340761920713788 0.6343007494725496 0.6545049913189548 0.6787084466235123 0.6787615718688915 0.6787846356980898 0.7312919143115727 0.7312945480080358 0.7312951641074489 0.7312951942045188 0.7312952045372119 0.7312952045387898 0.7312952045387898 0.7548529885239635 0.8007532720272815 0.8007532720272815 0.8007532720272815 1.0 1.0
1.0 1.0 0.9932 0.9833 0.9794 0.6384 0.7125 0.7698 0.8058 0.8275 0.8411 0.8505 0.8591 0.8654 0.8733 0.8812 0.8756 0.8933 0.9105 0.9237 0.9336 0.9336 0.9336 0.9336 0.9336 0.9336 0.9336 0.9336 0.9336 0.9336 0.9336 0.9336 0.9336 0.9336 0.9336 0.9336 0.9336 0.9336 0.9336 0.9336 0.9336 0.9336 0.9336 0.9336 0.9336 0.9336 0.9336 0.9336 0.9336 0.9336 0.9336 0.9336
0.0 0.7055443 1.175907 1.64627 2.116633 2.586996 3.057359 3.527721 3.998084 4.468447 4.93881 5.409173 5.879536 6.349899 6.820262 7.290624 7.760987 8.23135 8.701713 9.172076 9.642439 10.1128 10.58316 11.05353 11.52389 11.99425 12.46462 12.93498 13.40534 13.8757 14.34607 14.81643
0.015765078170320395 0.02838066873950027 0.06792451814923949 0.09063173827635153 0.12784499056477353 0.17550306444132285 0.21301748900010362 0.25499039998133793 0.30946295336023305 0.35321006857905185 0.3945092162934285 0.43549839298831156 0.4697967514799769 0.5065945520548052 0.5398469402802476 0.566800286933534 0.61787707306821 0.6501954238215146 0.6706607643872821 0.6905882387458354 0.7208887698948853 0.7214935255583452 0.7420418806155457 0.7693613519432297 0.7693878452802798 0.8021540267647378 0.8021540575991862 0.8021540576007501 0.8537042979790114 0.8537042979790114 1.0 1.0
0.6999 0.8582 0.6847 0.7974 0.858 0.889 0.9016 0.9106 0.8236 0.8292 0.8414 0.8567 0.8783 0.9079 0.9484 0.9766 0.9766 0.9766 0.9766 0.9766 0.9766 0.9766 0.9766 0.9766 0.9766 0.9766 0.9766 0.9766 0.9766 0.9766 0.9766 0.9766
0.0 0.7055443 1.175907 1.64627 2.116633 2.586996 3.057359 3.527721 3.998084 4.468447 4.93881 5.409173 5.879536 6.349899 6.820262 7.290624 7.760987 8.23135 8.701713 9.172076 9.642439 10.1128 10.58316 11.05353 11.52389 11.99425 12.46462 12.93498 13.40534 13.8757 14.34607 14.81643 15.28679 15.75716 16.22752 16.69788 17.16824 17.63861 18.10897 18.57933
0.016141602533114512 0.0311693153400135 0.058943168155827654 0.08596365808800946 0.1212107034261395 0.16020392778006498 0.1944163485623282 0.22977493033654797 0.27370764981691403 0.31073580254655764 0.3457422453519962 0.3809265499630787 0.4130319596059324 0.44597109261019974 0.4771806213802382 0.505016048491808 0.5343514208960599 0.5606131283065339 0.5856133592412396 0.6094908621248191 0.6323145702016663 0.6539973425194171 0.6744126355076782 0.6985869904134417 0.7175696307630609 0.7320139999010906 0.7457534177956902 0.7655496392297808 0.7803055782872704 0.7947487857355988 0.8034644978543952 0.8143231196951644 0.8376868902017266 0.8376868941734014 0.8376868941736134 0.8376868941736134 0.8737333859145849 0.8737333859145849 1.0 1.0
0.6102 0.6613 0.7317 0.6716 0.6786 0.7333 0.7719 0.812 0.7887 0.8048 0.82 0.8125 0.8304 0.8483 0.8682 0.8869 0.8699 0.8855 0.9007 0.9148 0.9282 0.9433 0.9592 0.9592 0.9592 0.9592 0.9592 0.9592 0.9592 0.9592 0.9592 0.9592 0.9592 0.9592 0.9592 0.9592 0.9592 0.9592 0.9592 0.9592
0.0 0.7055443 1.175907 1.64627 2.116633 2.586996 3.057359 3.527721 3.998084 4.468447 4.93881 5.409173 5.879536 6.349899 6.820262 7.290624 7.760987 8.23135 8.701713 9.172076 9.642439 10.1128 10.58316 11.05353 11.52389 11.99425 12.46462 12.93498 13.40534 13.8757 14.34607 14.81643 15.28679 15.75716 16.22752 16.69788 17.16824 17.63861 18.10897 18.57933 19.0497 19.52006 19.99042 20.46078 20.93115
0.014926998722337331 0.030400809469120386 0.05825872409504507 0.087194345361461 0.12166679378045986 0.15887914518103752 0.19296567108139678 0.2281517728808858 0.2674021922858121 0.30139255505170726 0.3328791743969141 0.36411274059357146 0.39296440096625884 0.4217348346948892 0.4490012225998323 0.47384518850282936 0.49930156946745347 0.5227501534622215 0.5452909002237388 0.5670835287904479 0.5882132700368605 0.6086447824828195 0.6282556409285575 0.6469314238964825 0.6648350775030724 0.6820460655832372 0.6985633124442983 0.7143607550477916 0.7294131075076729 0.7531600374731068 0.7670885043270727 0.7839610188348053 0.7943737381781925 0.8028132864830065 0.8106290941512975 0.8217815346523731 0.8369107209496466 0.8369116823203607 0.8549471296043624 0.8549471308684102 0.8549471308684776 0.8651021151938603 0.8879103587659705 1.0 1.0
0.6338 0.58 0.5455 0.6155 0.5529 0.5906 0.6126 0.6296 0.6678 0.7008 0.7412 0.7453 0.7763 0.8058 0.8359 0.8644 0.8659 0.8851 0.9021 0.9159 0.9268 0.936 0.9451 0.9543 0.962 0.9695 0.9773 0.9837 0.989 0.989 0.989 0.989 0.989 0.989 0.989 0.989 0.989 0.989 0.989 0.989 0.989 0.989 0.989 0.989 0.989
0.0 0.7055443 1.175907 1.64627 2.116633 2.586996 3.057359 3.527721 3.998084 4.468447 4.93881 5.409173 5.879536 6.349899 6.820262 7.290624 7.760987 8.23135 8.701713 9.172076 9.642439 10.1128 10.58316 11.05353 11.52389 11.99425 12.46462 12.93498 13.40534 13.8757 14.34607 14.81643 15.28679 15.75716 16.22752 16.69788 17.16824 17.63861 18.10897 18.57933 19.0497 19.52006 19.99042 20.46078 20.93115 21.40151 21.87187 22.34224 22.8126 23.28296 23.75332 24.22369 24.69405 25.16441 25.63478
0.014088404427358044 0.03141548462208157 0.058339296767504954 0.09048330486131571 0.12220272855497616 0.15495708264495553 0.18607686542460564 0.21625470518309142 0.25221294352342183 0.28330910880765553 0.3116856290225298 0.3393051672994771 0.3649268104091099 0.38987704592341377 0.4134947829147327 0.43538556752610597 0.45685307034688366 0.47727743869952904 0.4969443230174737 0.5160118695741771 0.5346037883832357 0.5527255835621131 0.5703243075849841 0.5873151866220314 0.6037664821506811 0.6197723752101161 0.6353635979123022 0.6505379429261395 0.6652792010520062 0.6796242006145837 0.6935906618405777 0.707174075332548 0.7203546272149774 0.733094484969637 0.7453926444029793 0.7572541122724558 0.7686662745808157 0.7796131210724415 0.792932900600835 0.8034478586052805 0.8114744249987954 0.8191395385563218 0.8302655435977143 0.8385834919067012 0.8467357435435736 0.8516498404569024 0.857764687594477 0.8707488627972083 0.8707488840499226 0.8707488843020893 0.8707488843021028 0.9003231800546764 0.9003231800546764 1.0 1.0
0.2199 0.3903 0.5237 0.5127 0.4431 0.4739 0.4847 0.5197 0.5015 0.5445 0.5921 0.6123 0.6542 0.6929 0.7316 0.7689 0.8025 0.8197 0.8462 0.8694 0.8887 0.9056 0.9198 0.9322 0.9431 0.9529 0.9616 0.9679 0.9728 0.9768 0.9801 0.983 0.9856 0.988 0.9901 0.9918 0.9938 0.9959 0.9959 0.9959 0.9959 0.9959 0.9959 0.9959 0.9959 0.9959 0.9959 0.9959 0.9959 0.9959 0.9959 0.9959 0.9959 0.9959 0.9959
0.0 0.7055443 1.175907 1.64627 2.116633 2.586996 3.057359 3.527721 3.998084 4.468447 4.93881 5.409173 5.879536 6.349899 6.820262 7.290624 7.760987 8.23135 8.701713 9.172076 9.642439 10.1128 10.58316 11.05353 11.52389 11.99425 12.46462 12.93498 13.40534 13.8757 14.34607 14.81643 15.28679 15.75716 16.22752 16.69788 17.16824 17.63861 18.10897 18.57933 19.0497 19.52006 19.99042 20.46078 20.93115 21.40151 21.87187 22.34224 22.8126 23.28296 23.75332 24.22369 24.69405 25.16441 25.63478 26.10514 26.5755 27.04586 27.51623 27.98659 28.45695 28.92732 29.39768 29.86804
0.014108410284258629 0.0322317445965639 0.060975890424752044 0.1008823029296805 0.12928629850503268 0.1623148738449794 0.19294923382291956 0.2220406588014582 0.25314448391738154 0.28419339046999365 0.3123626534763542 0.3390625772844317 0.3635309288036313 0.3866226073186187 0.4081378237002459 0.4280257709353961 0.4471958642432829 0.4653760213161092 0.48279153899937916 0.49961089137807546 0.5159598738882735 0.5318209177054672 0.5471366932305748 0.5618556971395593 0.5761045301260227 0.5899791741503215 0.6035273241420731 0.6167605189679519 0.6296814728195035 0.64234440321231 0.6547279234538279 0.6668117505280059 0.6785939802376342 0.6900958950654587 0.7013537410737923 0.7123901081046599 0.7232194528990673 0.7338479996240141 0.7442826734942286 0.7544810090172075 0.7644006875415253 0.7740399990791408 0.7834074414653635 0.7924983252593031 0.8013011826464201 0.8098042000251188 0.8179953648478265 0.8258650140242245 0.8400264007801127 0.8490330877944374 0.8545621043920079 0.8599743775954634 0.8683721051841601 0.8683749314580796 0.8741115008147159 0.881876802826099 0.8818769579466458 0.8910984592482022 0.8910984594663289 0.891098459466341 0.9165358626298092 0.9165358626298092 1.0 1.0
0.1357 0.2707 0.3688 0.4275 0.4254 0.3918 0.3971 0.4274 0.4518 0.4243 0.4636 0.4894 0.5308 0.5716 0.6125 0.6512 0.6864 0.7107 0.7401 0.7667 0.7905 0.8124 0.8337 0.8542 0.8734 0.8912 0.9073 0.9212 0.9334 0.9439 0.9526 0.9605 0.9671 0.9726 0.9771 0.981 0.9839 0.9862 0.9879 0.9893 0.9906 0.9918 0.993 0.9941 0.9951 0.9962 0.9973 0.998 0.998 0.998 0.998 0.998 0.998 0.998 0.998 0.998 0.998 0.998 0.998 0.998 0.998 0.998 0.998 0.998
0.0 0.7055443 1.175907 1.64627 2.116633 2.586996 3.057359 3.527721 3.998084 4.468447 4.93881 5.409173 5.879536 6.349899 6.820262 7.290624 7.760987 8.23135 8.701713 9.172076 9.642439 10.1128 10.58316 11.05353 11.52389 11.99425 12.46462 12.93498 13.40534 13.8757 14.34607 14.81643 15.28679 15.75716 16.22752 16.69788 17.16824 17.63861 18.10897 18.57933 19.0497 19.52006 19.99042 20.46078 20.93115 21.40151 21.87187 22.34224 22.8126 23.28296 23.75332 24.22369 24.69405 25.16441 25.63478 26.10514 26.5755 27.04586 27.51623 27.98659 28.45695 28.92732 29.39768 29.86804 30.3384 30.80877 31.27913 31.74949 32.21986 32.69022 33.16058 33.63094 34.10131 34.57167 35.04203 35.5124 35.98276 36.45312 36.92348 37.39385 37.86421 38.33457 38.80494
0.013779385371595036 0.03266210911090671 0.06401322685687671 0.09996505229498075 0.12729072012359047 0.1586758757542613 0.18805097281404748 0.21560762654952065 0.24376352607785717 0.2731931680545905 0.29994225201858143 0.32475898627660643 0.34737691675448273 0.36830876188268546 0.3876533532429506 0.4055378154910647 0.4224814264662009 0.43847864974325595 0.45369547388254644 0.46828690931488587 0.48237095909234123 0.4959672067203025 0.5090371008725607 0.5215385097803251 0.5335714916584383 0.5452212430434085 0.5565322589855712 0.567511818770969 0.5781675095279292 0.5885443377985853 0.5986731777961504 0.6085740582133199 0.6182537847326198 0.6277348014246772 0.637051094077806 0.6462250073058952 0.6552516866729049 0.6641403390311876 0.672903997949506 0.681557946613324 0.6901151238707011 0.698588927965107 0.7069919899023157 0.7153346579191537 0.7236050587754729 0.7317675538066879 0.739820357527543 0.7477602020737776 0.7555836538198999 0.7632829219880702 0.7708529200765261 0.7782955803876129 0.7856191530945811 0.7927887383543302 0.799791392582766 0.806636706251089 0.8133293632980734 0.819870893463076 0.8262609131272488 0.832497068481117 0.8385771335881549 0.8445017620212147 0.8502036831368721 0.855679387533073 0.8609286478801297 0.8659519614617339 0.8707502802209532 0.8813707064601061 0.8849966765476864 0.8884576464854883 0.8918727171385292 0.8971877373337939 0.900814599216795 0.9029924777727927 0.9056959387779693 0.9114141707987206 0.911414172010885 0.9114141720255674 0.9114141720255682 0.931410702305896 0.931410702305896 1.0 1.0
0.01357 0.151 0.2632 0.3223 0.3093 0.2933 0.3018 0.3243 0.3473 0.3181 0.3476 0.374 0.41 0.4472 0.4839 0.5197 0.5529 0.5813 0.6103 0.6369 0.661 0.6845 0.7082 0.7324 0.7559 0.7782 0.7992 0.8188 0.8369 0.8539 0.8698 0.8843 0.8976 0.9098 0.9207 0.9308 0.9397 0.9478 0.955 0.9613 0.9669 0.9719 0.9763 0.9801 0.9834 0.9861 0.9884 0.9904 0.992 0.9934 0.9946 0.9956 0.9963 0.997 0.9975 0.9979 0.9981 0.9984 0.9986 0.9988 0.9989 0.9991 0.9993 0.9994 0.9995 0.9997 0.9997 0.9997 0.9997 0.9997 0.9997 0.9997 0.9997 0.9997 0.9997 0.9997 0.9997 0.9997 0.9997 0.9997 0.9997 0.9997 0.9997
0.0 0.7055443 1.175907 1.64627 2.116633 2.586996 3.057359 3.527721 3.998084 4.468447 4.93881 5.409173 5.879536 6.349899 6.820262 7.290624 7.760987 8.23135 8.701713 9.172076 9.642439 10.1128 10.58316 11.05353 11.52389 11.99425 12.46462 12.93498 13.40534 13.8757 14.34607 14.81643 15.28679 15.75716 16.22752 16.69788 17.16824 17.63861 18.10897 18.57933 19.0497 19.52006 19.99042 20.46078 20.93115 21.40151 21.87187 22.34224 22.8126 23.28296 23.75332 24.22369 24.69405 25.16441 25.63478 26.10514 26.5755 27.04586 27.51623 27.98659 28.45695 28.92732 29.39768 29.86804 30.3384 30.80877 31.27913 31.74949 32.21986 32.69022 33.16058 33.63094 34.10131 34.57167 35.04203 35.5124 35.98276 36.45312 36.92348 37.39385 37.86421 38.33457 38.80494 39.2753 39.74566 40.21602 40.68639 41.15675 41.62711 42.09748 42.56784 43.0382 43.50856 43.97893 44.44929 44.91965 45.39002 45.86038 46.33074 46.8011 47.27147 47.74183
0.013919350581140497 0.03233016228336862 0.06722552526820577 0.10166632989743657 0.1319197953579563 0.16342296001452747 0.19302509486416156 0.22072064888788662 0.2527630486212071 0.28166371370736465 0.3077179090974752 0.3315944378503658 0.35321354906377656 0.3733545783304483 0.3919858156913223 0.40916837919146115 0.425395248573758 0.4406579410097326 0.45511293176711076 0.4689238148691768 0.4822076021962213 0.49498020319596314 0.5071943110616692 0.5188068059326568 0.5299069635398144 0.5405735969852685 0.5508524169209797 0.5607595080401464 0.5703099414540046 0.5795419727770901 0.5884826087587013 0.5971533619655365 0.6055613653622473 0.6137293724429811 0.6216969129042734 0.6294760976296663 0.637082523466834 0.6445277329356013 0.6518272802563637 0.6589902308304115 0.6660302064415018 0.6729598673914365 0.6797921060638686 0.6865365183328914 0.6931982573628747 0.6997817469180841 0.7062894167534114 0.7127160663408434 0.719061861453131 0.7253234440079782 0.7314990852324115 0.7375917595632179 0.7436087420559783 0.749560912139514 0.755462488379485 0.7613171225127748 0.7671183020384565 0.7728695271297553 0.7785730665051762 0.7842291711920275 0.789837760672116 0.7954001611274486 0.8009188212583738 0.8063966823471284 0.8118074102081461 0.8171440755404407 0.8224101974626948 0.8276099392391374 0.8327480561795363 0.8378287447026704 0.8428553818362933 0.8478311646263144 0.8527490264171824 0.8575636875660894 0.8622747710584359 0.8668815555459375 0.8713835598139803 0.8757802292343034 0.8800710399650143 0.8842554899514959 0.8883340713020003 0.8922751124220193 0.896056622845696 0.8996767392873106 0.9031338921157307 0.9073208959498485 0.9106070262411997 0.9131049018921769 0.9154831871861325 0.9189246403877727 0.9214723999013041 0.923945166664162 0.9254238548655328 0.9272519157702661 0.9310827966346061 0.9310827969598007 0.9310827969637449 0.9310827969637451 0.9467054341418598 0.9467054341418598 1.0 1.0
0.00606 0.1106 0.2151 0.2569 0.2184 0.2273 0.2348 0.252 0.2369 0.257 0.2818 0.303 0.3315 0.36 0.3893 0.4178 0.4453 0.4709 0.4968 0.5207 0.5426 0.5645 0.5878 0.6125 0.6372 0.6611 0.6841 0.7062 0.7273 0.7479 0.7679 0.7867 0.8049 0.822 0.837 0.8521 0.8662 0.8793 0.891 0.9022 0.9125 0.922 0.9306 0.9385 0.9457 0.9522 0.958 0.9632 0.9677 0.9718 0.9755 0.9787 0.9815 0.984 0.9862 0.9881 0.9897 0.9912 0.9924 0.9935 0.9945 0.9953 0.996 0.9967 0.9972 0.9976 0.998 0.9983 0.9986 0.9988 0.999 0.9991 0.9993 0.9994 0.9995 0.9995 0.9996 0.9996 0.9997 0.9997 0.9997 0.9998 0.9998 0.9999 0.9999 0.9999 0.9999 0.9999 0.9999 0.9999 0.9999 0.9999 0.9999 0.9999 0.9999 0.9999 0.9999 0.9999 0.9999 0.9999 0.9999 0.9999
0.0 0.7055443 1.175907 1.64627 2.116633 2.586996 3.057359 3.527721 3.998084 4.468447 4.93881 5.409173 5.879536 6.349899 6.820262 7.290624 7.760987 8.23135 8.701713 9.172076 9.642439 10.1128 10.58316 11.05353 11.52389 11.99425 12.46462 12.93498 13.40534 13.8757 14.34607 14.81643 15.28679 15.75716 16.22752 16.69788 17.16824 17.63861 18.10897 18.57933 19.0497 19.52006 19.99042 20.46078 20.93115 21.40151 21.87187 22.34224 22.8126 23.28296 23.75332 24.22369 24.69405 25.16441 25.63478 26.10514 26.5755 27.04586 27.51623 27.98659 28.45695 28.92732 29.39768 29.86804 30.3384 30.80877 31.27913 31.74949 32.21986 32.69022 33.16058 33.63094 34.10131 34.57167 35.04203 35.5124 35.98276 36.45312 36.92348 37.39385 37.86421 38.33457 38.80494 39.2753 39.74566 40.21602 40.68639 41.15675 41.62711 42.09748 42.56784 43.0382 43.50856 43.97893 44.44929 44.91965 45.39002 45.86038 46.33074 46.8011 47.27147 47.74183 48.21219 48.68256 49.15292 49.62328 50.09364 50.56401 51.03437 51.50473 51.9751 52.44546 52.91582 53.38619 53.85655 54.32691 54.79727 55.26764 55.738 56.20836 56.67873
0.014703385139088938 0.03290669044436185 0.07074908239460216 0.10246738282830875 0.1320339586560635 0.16289591323671102 0.19179008045559004 0.21915253657058767 0.24764045455250022 0.2769705937886849 0.30343896422192884 0.32732248095686417 0.34870157034029065 0.3687686214306247 0.3873462357110651 0.4043474481074298 0.42046047862951785 0.43555008459930944 0.4498309873999745 0.46347416527613855 0.4765877630928516 0.4891716766095322 0.5011681423294301 0.5125234005417647 0.5233295809677082 0.5336588749481255 0.5435531635057197 0.5530316979806021 0.5621189417419568 0.5708562024892887 0.5792671049289217 0.5873769795221495 0.595192886199261 0.6027393357115229 0.6100560958407598 0.6171593617827629 0.6240632202306531 0.6307811466486876 0.637327279850278 0.6437212739232369 0.6499726810953915 0.6560941050006818 0.6620975759498487 0.6679923381871843 0.6737840965154187 0.6794779397702103 0.6850776916856153 0.6905851053986851 0.6960055872050308 0.7013341335567425 0.7065701047957067 0.7117170687927341 0.7167853548418053 0.721780255521533 0.7267152320815496 0.7315972496879793 0.7364320463110106 0.7412210623659506 0.7459664584757606 0.7506693116351751 0.7553286410350869 0.7599465130081129 0.7645253411975346 0.7690678979289977 0.773577556332954 0.7780576156238066 0.7825058730085409 0.7869261124202638 0.7913231511953007 0.7957005837384288 0.8000616879421139 0.8044091840117108 0.8087452747402343 0.8130716042859463 0.8173832188521236 0.8216709158907073 0.8259354227166632 0.8301773932027297 0.8343972907456731 0.8385954844519165 0.8427722273417798 0.8469275615853167 0.8510614132664784 0.855147156024016 0.8591787074200016 0.8631574803881346 0.8670852664449535 0.8709634681001001 0.8747932552171903 0.8785756394036852 0.8823115801467551 0.8859901781459674 0.8895798522957079 0.8930800757072198 0.8964910170607164 0.8998139732037954 0.9030502826802868 0.9062012944580786 0.909268452743045 0.9122532439111133 0.9151297163218887 0.9178874127497684 0.9205265236707239 0.9230470907809876 0.9265008285790209 0.9285233138168032 0.9303609947182926 0.9321104582371602 0.9346410286526768 0.9365160035174647 0.9383359753656275 0.9407710552488617 0.9407710555141674 0.9435946438350464 0.943594643835401 0.943594643835401 0.9473931132912559 0.9572244547522768 0.9970712130319594 1.0 1.0
0.003764 0.09178 0.1801 0.2234 0.1908 0.194 0.2 0.2125 0.229 0.2159 0.2356 0.2541 0.2781 0.3024 0.3272 0.3511 0.3739 0.3967 0.4192 0.4397 0.4587 0.4785 0.5004 0.5247 0.5488 0.5728 0.5966 0.62 0.6426 0.6646 0.6866 0.7077 0.7287 0.7488 0.767 0.7849 0.8023 0.8188 0.8344 0.8483 0.8618 0.8745 0.8862 0.8973 0.9075 0.9168 0.9254 0.9333 0.9398 0.9464 0.9525 0.958 0.9623 0.9668 0.9705 0.974 0.977 0.98 0.9823 0.9843 0.9864 0.9881 0.9897 0.991 0.9922 0.9932 0.9941 0.9949 0.9955 0.9961 0.9966 0.9971 0.9975 0.9979 0.9982 0.9984 0.9986 0.9988 0.999 0.9992 0.9993 0.9994 0.9995 0.9996 0.9996 0.9997 0.9997 0.9998 0.9998 0.9999 0.9999 0.9999 0.9999 0.9999 0.9999 0.9999 0.9999 1.0 1.0 1.0 1.0 1.0 1.0 1.0 1.0 1.0 1.0 1.0 1.0 1.0 1.0 1.0 1.0 1.0 1.0 1.0 1.0 1.0 1.0 1.0 1.0
0.0 0.7055443 1.175907 1.64627 2.116633 2.586996 3.057359 3.527721 3.998084 4.468447 4.93881 5.409173 5.879536 6.349899 6.820262 7.290624 7.760987 8.23135 8.701713 9.172076 9.642439 10.1128 10.58316 11.05353 11.52389 11.99425 12.46462 12.93498 13.40534 13.8757 14.34607 14.81643 15.28679 15.75716 16.22752 16.69788 17.16824 17.63861 18.10897 18.57933 19.0497 19.52006 19.99042 20.46078 20.93115 21.40151 21.87187 22.34224 22.8126 23.28296 23.75332 24.22369 24.69405 25.16441 25.63478 26.10514 26.5755 27.04586 27.51623 27.98659 28.45695 28.92732 29.39768 29.86804 30.3384 30.80877 31.27913 31.74949 32.21986 32.69022 33.16058 33.63094 34.10131 34.57167 35.04203 35.5124 35.98276 36.45312 36.92348 37.39385 37.86421 38.33457 38.80494 39.2753 39.74566 40.21602 40.68639 41.15675 41.62711 42.09748 42.56784 43.0382 43.50856 43.97893 44.44929 44.91965 45.39002 45.86038 46.33074 46.8011 47.27147 47.74183 48.21219 48.68256 49.15292 49.62328 50.09364 50.56401 51.03437 51.50473 51.9751 52.44546 52.91582 53.38619 53.85655 54.32691 54.79727 55.26764 55.738 56.20836 56.67873 57.14909 57.61945 58.08981 58.56018 59.03054 59.5009 59.97127 60.44163 60.91199 61.38235 61.85272 62.32308 62.79344 63.26381 63.73417 64.20453 64.67489 65.14526
0.014766320102332945 0.03237223768883031 0.06933157870160891 0.09970773163563122 0.1287665551538681 0.15905770197410046 0.18692812201579992 0.21353196517709877 0.24167484545007104 0.2707804270692487 0.29718105160132674 0.32092831027077234 0.34210447989808995 0.36212177074758956 0.3806991082560657 0.3976297058119294 0.41371391919445927 0.42876419004233146 0.44301851652073226 0.45664133855011685 0.46976011317924965 0.4823586589210297 0.49436752094736697 0.5057198742179729 0.516491684062629 0.5267728134104336 0.5365901998175124 0.5459661656808591 0.5549211996535409 0.5634973925554462 0.5717225490619215 0.5796230665564633 0.5872051001640332 0.594493080850222 0.601518812463177 0.6083174441306622 0.6149016509560442 0.6212773985300286 0.6274614653726226 0.6334751646109068 0.6393278781905505 0.6450317315655772 0.6505987838530217 0.6560389998163899 0.6613590842299857 0.6665647847201207 0.671661574088435 0.6766530866542864 0.6815493061346066 0.6863407652933115 0.6910317746132165 0.6956249060741752 0.700128555096054 0.704561971725558 0.7089237690457693 0.7132215753366538 0.717465015621564 0.7216525243475456 0.7257901012214707 0.7298763484282017 0.7339143766987141 0.7379044802849404 0.7418491908907041 0.7457511781060004 0.7496135834611215 0.7534391912142872 0.7572312798342894 0.7609933590217128 0.764729074941806 0.7684422206488658 0.7721349393014917 0.7758094067529415 0.7794673141226142 0.7831098175694707 0.7867376733351924 0.7903513543077479 0.7939499886295598 0.797533345068836 0.8011018647665569 0.8046559784393194 0.8081959490659034 0.8117218500908333 0.8152335872208166 0.8187309813459815 0.8222133705179392 0.8256773507014528 0.8291246447629089 0.8325566291948415 0.8359743762873033 0.8393786735551279 0.8427700990777957 0.8461489679560072 0.8495153749568908 0.8528620907700889 0.8561837359395823 0.8594818229487333 0.8627578230572038 0.8660132075246556 0.8692494049655427 0.8724678345176066 0.8756699034726976 0.8788570096459531 0.8820053432703064 0.8851157866277186 0.8881888438793107 0.8912249566398989 0.894224671241976 0.8971885553406388 0.9001173021574279 0.903011815296909 0.9058579204397512 0.908637271143815 0.9113501616610328 0.913996896667721 0.916577833435952 0.9190933605109508 0.9215439616789053 0.9239301827984727 0.9262528227565419 0.9284855708815386 0.9306250013417867 0.9326708729549456 0.9346229857623751 0.9377056680373196 0.9395024371470723 0.9416798630657734 0.9430236097661521 0.9441111933382551 0.9451126032655515 0.9465298712514814 0.9484247911495091 0.9484247911772186 0.9506196386108903 0.950619638610927 0.950619638610927 0.9539626978344923 0.9625911453307606 1.0 1.0
0.00313 0.08234 0.1645 0.2018 0.1683 0.1682 0.1737 0.1835 0.1962 0.1847 0.2001 0.2155 0.2353 0.2556 0.2765 0.2966 0.3162 0.3356 0.3551 0.3729 0.3889 0.4061 0.4257 0.448 0.471 0.4933 0.5164 0.5394 0.5622 0.5849 0.6074 0.6294 0.6517 0.6736 0.6946 0.7138 0.7328 0.7519 0.77 0.7866 0.8028 0.8185 0.8333 0.8473 0.8606 0.873 0.8845 0.8952 0.9038 0.9135 0.922 0.9302 0.9373 0.9417 0.9479 0.9537 0.9579 0.963 0.9668 0.9708 0.9739 0.977 0.9798 0.9822 0.9843 0.9862 0.9879 0.9894 0.9907 0.9917 0.9928 0.9937 0.9945 0.9952 0.9958 0.9963 0.9968 0.9972 0.9975 0.9979 0.9981 0.9984 0.9986 0.9988 0.9989 0.9991 0.9992 0.9993 0.9994 0.9995 0.9996 0.9996 0.9997 0.9997 0.9998 0.9998 0.9998 0.9998 0.9999 0.9999 0.9999 0.9999 0.9999 0.9999 1.0 1.0 1.0 1.0 1.0 1.0 1.0 1.0 1.0 1.0 1.0 1.0 1.0 1.0 1.0 1.0 1.0 1.0 1.0 1.0 1.0 1.0 1.0 1.0 1.0 1.0 1.0 1.0 1.0 1.0 1.0 1.0 1.0 1.0 1.0
0.0 0.7055443 1.175907 1.64627 2.116633 2.586996 3.057359 3.527721 3.998084 4.468447 4.93881 5.409173 5.879536 6.349899 6.820262 7.290624 7.760987 8.23135 8.701713 9.172076 9.642439 10.1128 10.58316 11.05353 11.52389 11.99425 12.46462 12.93498 13.40534 13.8757 14.34607 14.81643 15.28679 15.75716 16.22752 16.69788 17.16824 17.63861 18.10897 18.57933 19.0497 19.52006 19.99042 20.46078 20.93115 21.40151 21.87187 22.34224 22.8126 23.28296 23.75332 24.22369 24.69405 25.16441 25.63478 26.10514 26.5755 27.04586 27.51623 27.98659 28.45695 28.92732 29.39768 29.86804 30.3384 30.80877 31.27913 31.74949 32.21986 32.69022 33.16058 33.63094 34.10131 34.57167 35.04203 35.5124 35.98276 36.45312 36.92348 37.39385 37.86421 38.33457 38.80494 39.2753 39.74566 40.21602 40.68639 41.15675 41.62711 42.09748 42.56784 43.0382 43.50856 43.97893 44.44929 44.91965 45.39002 45.86038 46.33074 46.8011 47.27147 47.74183 48.21219 48.68256 49.15292 49.62328 50.09364 50.56401 51.03437 51.50473 51.9751 52.44546 52.91582 53.38619 53.85655 54.32691 54.79727 55.26764 55.738 56.20836 56.67873 57.14909 57.61945 58.08981 58.56018 59.03054 59.5009 59.97127 60.44163 60.91199 61.38235 61.85272 62.32308 62.79344 63.26381 63.73417 64.20453 64.67489 65.14526 65.61562 66.08598 66.55635 67.02671 67.49707 67.96743 68.4378 68.90816 69.37852 69.84889 70.31925 70.78961 71.25997 71.73034 72.2007 72.67106 73.14143 73.61179 74.08215
0.013105259906988201 0.030040197277258728 0.06503353327072918 0.09612687101881165 0.12223436447182386 0.15204573632386678 0.17933213617080612 0.2055137284968228 0.2334016875287311 0.26227748003164053 0.288710642079462 0.31260121050021816 0.33399793118851345 0.3542818099946639 0.3731771599098489 0.390425195910848 0.4068322610720259 0.4222153215661288 0.4368084249164442 0.4507858462181927 0.4642728069327566 0.47722437239757853 0.4895712823472964 0.5012299548060606 0.5122798527784401 0.5227947673982056 0.532808602060002 0.5423389736513413 0.5514049762080566 0.560055232529059 0.5683243230353073 0.5762294337793862 0.5837836176392509 0.5910136763349241 0.597969397339955 0.6046719436447165 0.6111283601104337 0.6173547959451966 0.6233683235747961 0.6291916115446252 0.6348371919431668 0.6403154852943157 0.6456403966769817 0.6508224649763038 0.6558695351755139 0.6607897505281787 0.6655894031180131 0.6702839040523914 0.6748632664830154 0.6793296232794968 0.6836897972573669 0.687948611874029 0.6921293686708075 0.6962218649084956 0.7002361896995061 0.7041791559170261 0.7080673767452212 0.7118913084802895 0.7156609275547396 0.7193722972736064 0.7230297146234811 0.7266336132799603 0.7301869399645674 0.7336925291923664 0.7371536273755493 0.7405730481976015 0.7439539452755 0.747299616153494 0.7506133384911442 0.7538987090499241 0.7571576135611682 0.7603920930461628 0.7636038064560997 0.7667939497129852 0.7699633158371518 0.7731124511841008 0.7762420053203374 0.7793525137121281 0.7824443579561225 0.7855178779858127 0.7885732698074183 0.7916105641948624 0.7946296479947961 0.7976303356167894 0.8006124518862016 0.8035770994563789 0.806525597345021 0.8094589662994939 0.81237799934013 0.8152832428224304 0.818175016321753 0.8210534126333129 0.8239183290195505 0.8267694250735291 0.8296069067438125 0.832430228148345 0.8352401823074592 0.8380378931795255 0.8408244733602342 0.8436010259763769 0.846368632849721 0.8491283762754787 0.8518813385488625 0.85462728247394 0.8573636310897135 0.8600909416409183 0.8628097391780313 0.8655205392826302 0.8682238575362924 0.8709202398210739 0.8736102732087435 0.87629454571796 0.8789659357894122 0.8816222277006185 0.8842640085233474 0.886891897050181 0.8895064699370986 0.8921083152027589 0.8946980298612752 0.8972761915155166 0.8998396777958745 0.9023721842043069 0.9048740402585163 0.9073456071970185 0.9097872969169417 0.9121995113730693 0.9145827145414765 0.9169374731357984 0.9192645394600998 0.9215472794986365 0.923775768897847 0.9259502855699311 0.9280711902799599 0.9301388437930042 0.9321536277057136 0.9341159539152163 0.9360268426954328 0.9378848822334482 0.9396681103637723 0.9413764243488452 0.9430097517515859 0.9445679997767794 0.9473607636223039 0.949141209316511 0.9502416748735699 0.9513261351498109 0.9530126105385318 0.9530126106944822 0.9541581340097918 0.9556914518429476 0.9556914518511976 0.957470598885839 0.9574705988858502 0.9574705988858502 0.9678440102715502 0.9678440102715502 1.0 1.0
0.01068 0.07333 0.1461 0.1775 0.1631 0.1463 0.1489 0.1566 0.1658 0.1563 0.168 0.1805 0.1962 0.2128 0.2297 0.2461 0.2623 0.2782 0.2943 0.3087 0.3217 0.3364 0.353 0.3726 0.3928 0.4132 0.4342 0.4558 0.4778 0.4996 0.5215 0.5438 0.5666 0.5891 0.6098 0.6304 0.6517 0.6725 0.6929 0.7119 0.7305 0.749 0.7668 0.784 0.8005 0.8161 0.8308 0.8428 0.8564 0.8693 0.8806 0.8911 0.8974 0.907 0.9158 0.9242 0.9292 0.9369 0.9423 0.9486 0.9536 0.9587 0.9632 0.9672 0.9707 0.9739 0.9767 0.9793 0.9816 0.9835 0.9854 0.9871 0.9885 0.9898 0.991 0.992 0.9929 0.9937 0.9945 0.9951 0.9957 0.9962 0.9966 0.997 0.9974 0.9977 0.998 0.9982 0.9984 0.9986 0.9988 0.9989 0.999 0.9992 0.9993 0.9994 0.9994 0.9995 0.9996 0.9996 0.9997 0.9997 0.9997 0.9998 0.9998 0.9998 0.9999 0.9999 0.9999 0.9999 0.9999 0.9999 0.9999 0.9999 1.0 1.0 1.0 1.0 1.0 1.0 1.0 1.0 1.0 1.0 1.0 1.0 1.0 1.0 1.0 1.0 1.0 1.0 1.0 1.0 1.0 1.0 1.0 1.0 1.0 1.0 1.0 1.0 1.0 1.0 1.0 1.0 1.0 1.0 1.0 1.0 1.0 1.0 1.0 1.0 1.0 1.0 1.0 1.0
0.0 0.7055443 1.175907 1.64627 2.116633 2.586996 3.057359 3.527721 3.998084 4.468447 4.93881 5.409173 5.879536 6.349899 6.820262 7.290624 7.760987 8.23135 8.701713 9.172076 9.642439 10.1128 10.58316 11.05353 11.52389 11.99425 12.46462 12.93498 13.40534 13.8757 14.34607 14.81643 15.28679 15.75716 16.22752 16.69788 17.16824 17.63861 18.10897 18.57933 19.0497 19.52006 19.99042 20.46078 20.93115 21.40151 21.87187 22.34224 22.8126 23.28296 23.75332 24.22369 24.69405 25.16441 25.63478 26.10514 26.5755 27.04586 27.51623 27.98659 28.45695 28.92732 29.39768 29.86804 30.3384 30.80877 31.27913 31.74949 32.21986 32.69022 33.16058 33.63094 34.10131 34.57167 35.04203 35.5124 35.98276 36.45312 36.92348 37.39385 37.86421 38.33457 38.80494 39.2753 39.74566 40.21602 40.68639 41.15675 41.62711 42.09748 42.56784 43.0382 43.50856 43.97893 44.44929 44.91965 45.39002 45.86038 46.33074 46.8011 47.27147 47.74183 48.21219 48.68256 49.15292 49.62328 50.09364 50.56401 51.03437 51.50473 51.9751 52.44546 52.91582 53.38619 53.85655 54.32691 54.79727 55.26764 55.738 56.20836 56.67873 57.14909 57.61945 58.08981 58.56018 59.03054 59.5009 59.97127 60.44163 60.91199 61.38235 61.85272 62.32308 62.79344 63.26381 63.73417 64.20453 64.67489 65.14526 65.61562 66.08598 66.55635 67.02671 67.49707 67.96743 68.4378 68.90816 69.37852 69.84889 70.31925 70.78961 71.25997 71.73034 72.2007 72.67106 73.14143 73.61179 74.08215 74.55251 75.02288 75.49324 75.9636 76.43397 76.90433 77.37469 77.84505 78.31542 78.78578 79.25614 79.72651 80.19687 80.66723 81.13759 81.60796 82.07832 82.54868 83.01905
0.0126772876806291 0.02901482871859181 0.061282815738108946 0.09290197548602182 0.11837659096902453 0.14735395448400404 0.17388239537964342 0.19944138448922719 0.2267468059000083 0.2550115116606657 0.2811047408467753 0.3048148706758861 0.3261721194499389 0.34642298265710225 0.365340184017977 0.3826604446835272 0.3991759963231637 0.41469327424057334 0.4294463330059414 0.4435981356047342 0.4572873955924612 0.47045777079368356 0.4830251905221907 0.49489251978830134 0.5061359528285975 0.5168279917938977 0.5269952623026883 0.5366552922954593 0.5458297609424623 0.5545612739667187 0.5628826388636472 0.5708224219634813 0.5783879979708615 0.5856059309695113 0.5925306129562352 0.5991872684503069 0.6055758122497472 0.6117163330878639 0.6176282002145851 0.6233301769990982 0.6288419924330213 0.6341711774246233 0.6393334990734909 0.6443394230227308 0.6491983498907099 0.6539188543099416 0.6585090645492372 0.6629756618637959 0.6673294266707022 0.6715641463256429 0.6756868017107767 0.679706966688495 0.6836516673265859 0.6875022945661131 0.6912742363578566 0.6949722299318574 0.6986232118938258 0.7022059996117106 0.7057334481707892 0.7092009306302489 0.7126132036272484 0.7159711944433276 0.7192783542319864 0.7225378037523837 0.7257528545214428 0.7289263087375891 0.7320611385298623 0.7351603155539577 0.7382266817692242 0.7412633191205859 0.744271903246966 0.7472542290700588 0.750211792357943 0.7531456202678115 0.7560563612813946 0.7589444040143863 0.761810227491247 0.7646542903826311 0.7674769813042327 0.7702786495841659 0.7730594348590082 0.7758193371287592 0.7785582763982274 0.7812761035639494 0.783972668575773 0.7866489290092751 0.7893060516582256 0.7919448440480493 0.7945659849545136 0.7971699623956211 0.7997570859385629 0.8023274748661098 0.8048810799504514 0.8074176711462444 0.8099374482047952 0.8124412986467201 0.8149301303464414 0.8174047806500764 0.8198660973173179 0.8223149181676274 0.8247520606666605 0.8271783427534173 0.8295945624864356 0.832001457809524 0.8343994372188379 0.8367888699229539 0.839170104776642 0.8415434811677861 0.8439093380109252 0.8462679848732504 0.8486197403154949 0.8509649139048496 0.8533038346156229 0.8556368115416613 0.8579626475951577 0.8602817621591875 0.8625945940239431 0.8649015914465038 0.8672031837501757 0.8694998097251515 0.8717918977480485 0.8740798970226349 0.8763624514174086 0.8786379946359866 0.8809069659419055 0.8831697539508594 0.8854267378116555 0.8876783165535627 0.889924909086312 0.8921669437865207 0.894404859917726 0.8966309183001543 0.8988449295960743 0.9010474722322555 0.9032391142218924 0.9054204444053296 0.9075920412093369 0.909754483060684 0.9119083583263711 0.9140479224996261 0.9161626943169795 0.9182530628674697 0.9203194267070212 0.9223622151589401 0.9243818864205368 0.9263789393967333 0.9283539723947615 0.9303077034779674 0.93222175268607 0.9340921112659499 0.9359190083162624 0.937702613294277 0.9394431358915313 0.9411407952664492 0.942795900986222 0.9444088019056198 0.945974551103064 0.9474780304340418 0.9489190103265539 0.9502972512683701 0.9516125336277216 0.9539808338742851 0.955499282246312 0.9564384357352352 0.9573648250209924 0.9588055554610432 0.9597848930434026 0.960371082186653 0.9610965921861865 0.9626197474942174 0.9626197474943675 0.9626197474943693 0.9626197474943693 0.9717221305335628 0.9717221305335628 1.0 1.0
0.0063 0.06476 0.1405 0.16 0.1453 0.131 0.1318 0.138 0.1449 0.1367 0.1459 0.1564 0.1692 0.1834 0.1975 0.2114 0.2248 0.2382 0.2516 0.2638 0.2744 0.2866 0.3009 0.318 0.3358 0.3539 0.3729 0.3926 0.4128 0.4334 0.4544 0.4754 0.4974 0.5197 0.5402 0.5606 0.5825 0.604 0.6251 0.6456 0.6654 0.6855 0.705 0.7242 0.7428 0.7607 0.7778 0.794 0.8085 0.8239 0.8381 0.8507 0.8583 0.871 0.8818 0.8925 0.8973 0.9077 0.915 0.9235 0.9306 0.9376 0.9439 0.9495 0.9546 0.9592 0.9633 0.9671 0.9705 0.9734 0.9762 0.9787 0.9809 0.9829 0.9847 0.9863 0.9878 0.9891 0.9903 0.9913 0.9922 0.9931 0.9938 0.9945 0.9951 0.9956 0.9961 0.9965 0.9969 0.9973 0.9976 0.9978 0.9981 0.9983 0.9985 0.9987 0.9988 0.999 0.9991 0.9992 0.9993 0.9994 0.9995 0.9995 0.9996 0.9996 0.9997 0.9997 0.9997 0.9998 0.9998 0.9998 0.9998 0.9999 0.9999 0.9999 0.9999 0.9999 0.9999 0.9999 0.9999 1.0 1.0 1.0 1.0 1.0 1.0 1.0 1.0 1.0 1.0 1.0 1.0 1.0 1.0 1.0 1.0 1.0 1.0 1.0 1.0 1.0 1.0 1.0 1.0 1.0 1.0 1.0 1.0 1.0 1.0 1.0 1.0 1.0 1.0 1.0 1.0 1.0 1.0 1.0 1.0 1.0 1.0 1.0 1.0 1.0 1.0 1.0 1.0 1.0 1.0 1.0 1.0 1.0 1.0 1.0 1.0
0.0 1.411089 2.351814 3.29254 4.233266 5.173991 6.114717 7.055443 7.996169 8.936894 9.87762 10.81835 11.75907 12.6998 13.64052 14.58125 15.52197 16.4627 17.40343 18.34415 19.28488 20.2256 21.16633 22.10705 23.04778 23.98851 24.92923 25.86996 26.81068 27.75141 28.69213 29.63286 30.57359 31.51431 32.45504 33.39576 34.33649 35.27721 36.21794 37.15867 38.09939 39.04012 39.98084 40.92157 41.86229 42.80302 43.74375 44.68447 45.6252 46.56592 47.50665 48.44737 49.3881 50.32883 51.26955 52.21028 53.151 54.09173 55.03246 55.97318 56.91391 57.85463 58.79536 59.73608 60.67681 61.61754 62.55826 63.49899 64.43971 65.38044 66.32116 67.26189 68.20262 69.14334 70.08407 71.02479 71.96552 72.90624 73.84697 74.7877 75.72842 76.66915 77.60987 78.5506 79.49132 80.43205 81.37278 82.3135 83.25423 84.19495 85.13568 86.0764 87.01713 87.95786 88.89858 89.83931 90.78003 91.72076
0.029005579670861113 0.09314888351711344 0.1498972983135145 0.20258871011149568 0.25246925743796056 0.2990736091170463 0.3396037464822883 0.3754325005286895 0.40716649674399275 0.43623597141100634 0.46340695825059264 0.48793503045320946 0.5100190880360062 0.5299347145552034 0.5478917852700078 0.5641471971940764 0.5788765351129523 0.592349436864768 0.6047466312833009 0.6161931788658744 0.6268112960905662 0.6367237434257121 0.6460111583606313 0.6547391833408853 0.662965153030983 0.6707225991813325 0.678139095142504 0.6852272118613135 0.6920883262170932 0.6987028994158742 0.7050859360451023 0.7112638253585283 0.7172651182554038 0.7231163223312201 0.7288428342960983 0.7344623462402352 0.7399873518065678 0.7454246041092526 0.750778832046063 0.7560531888517606 0.7612491728854786 0.7663662010278345 0.771404291411837 0.7763690500002552 0.7812632797744739 0.7860880305402549 0.7908417266345865 0.7955249320894734 0.8001432127841922 0.8047019408611378 0.8092062536879621 0.8136612113284379 0.8180699278882032 0.8224346604496461 0.8267576861369014 0.8310412629867264 0.8352876872106332 0.8394995088822548 0.8436791797752298 0.8478290934466958 0.8519516043246662 0.8560489904876447 0.8601234698888957 0.8641770476574248 0.8682115523639955 0.8722287944463631 0.8762278787065232 0.8802099341628542 0.88417856164912 0.8881373801320931 0.8920857473215206 0.8960184285041257 0.8999389853845484 0.9038510760586848 0.9077569385215456 0.9116306110766361 0.9154753834334669 0.9192945825219349 0.9230915953971753 0.926821932245363 0.9304738381050696 0.934049550971306 0.9375519320419582 0.9409431864008555 0.9441831255746898 0.9472724500702148 0.9502121133019363 0.9529882387464181 0.9555431615275211 0.9586267636272742 0.9610724474382561 0.9625732468925434 0.9640689003898589 0.9652439851996819 0.9666093243990194 0.9688794434662042 1.0 1.0
0.06135 0.1493 0.1211 0.1249 0.1356 0.1387 0.1603 0.184 0.2066 0.2281 0.2471 0.2741 0.3058 0.3405 0.3776 0.4169 0.4581 0.4991 0.5402 0.5818 0.6236 0.6642 0.7035 0.7407 0.7748 0.8072 0.8297 0.8561 0.873 0.8933 0.9117 0.9275 0.9404 0.9512 0.96 0.9675 0.9735 0.9785 0.9826 0.9859 0.9886 0.9908 0.9926 0.994 0.9952 0.9962 0.9969 0.9976 0.9981 0.9985 0.9988 0.9991 0.9993 0.9994 0.9995 0.9996 0.9997 0.9998 0.9998 0.9999 0.9999 0.9999 0.9999 1.0 1.0 1.0 1.0 1.0 1.0 1.0 1.0 1.0 1.0 1.0 1.0 1.0 1.0 1.0 1.0 1.0 1.0 1.0 1.0 1.0 1.0 1.0 1.0 1.0 1.0 1.0 1.0 1.0 1.0 1.0 1.0 1.0 1.0 1.0
0.0 1.411089 2.351814 3.29254 4.233266 5.173991 6.114717 7.055443 7.996169 8.936894 9.87762 10.81835 11.75907 12.6998 13.64052 14.58125 15.52197 16.4627 17.40343 18.34415 19.28488 20.2256 21.16633 22.10705 23.04778 23.98851 24.92923 25.86996 26.81068 27.75141 28.69213 29.63286 30.57359 31.51431 32.45504 33.39576 34.33649 35.27721 36.21794 37.15867 38.09939 39.04012 39.98084 40.92157 41.86229 42.80302 43.74375 44.68447 45.6252 46.56592 47.50665 48.44737 49.3881 50.32883 51.26955 52.21028 53.151 54.09173 55.03246 55.97318 56.91391 57.85463 58.79536 59.73608 60.67681 61.61754 62.55826 63.49899 64.43971 65.38044 66.32116 67.26189 68.20262 69.14334 70.08407 71.02479 71.96552 72.90624 73.84697 74.7877 75.72842 76.66915 77.60987 78.5506 79.49132 80.43205 81.37278 82.3135 83.25423 84.19495 85.13568 86.0764 87.01713 87.95786 88.89858 89.83931 90.78003 91.72076 92.66148 93.60221 94.54294 95.48366 96.42439 97.36511 98.30584 99.24656 100.1873 101.128
0.028108852403412224 0.09027249989987132 0.14452715330029467 0.1962559455885368 0.24921794344145942 0.2943414725069133 0.3335728328803507 0.3685441612611691 0.3997112344913422 0.4283670706182659 0.4552531059408376 0.4795470762229913 0.5014496633146285 0.5212577832483676 0.5391130494701271 0.5552748306549544 0.5699118895830281 0.5832474307951093 0.5954829374566578 0.6067364032835757 0.6171508058661241 0.626827864582803 0.6358565464473763 0.6443205441001323 0.6522551755242857 0.6597210211299616 0.6668236771366447 0.6735880329779319 0.680120865859809 0.6864028383207588 0.6924506244020153 0.6982937468582051 0.7039610320625768 0.7094794709941726 0.7148738204879437 0.7201645436629764 0.7253640380156884 0.7304797309781436 0.735516836825151 0.740478937628044 0.745367890721812 0.7501833956131209 0.754927102630441 0.7596043576932803 0.7642187800769086 0.7687714391560168 0.7732610413783472 0.7776883365463146 0.7820579379480598 0.7863740849244627 0.7906408670467101 0.794861771945373 0.7990378499162004 0.8031691763210128 0.8072564074754099 0.8113003685436271 0.8153018102820262 0.8192619518349918 0.8231825370178096 0.8270650473103144 0.8309111149159821 0.8347224655251033 0.8385008057490271 0.8422478240741075 0.8459651326709313 0.8496543637429742 0.8533177304474914 0.8569578208429455 0.8605772239417462 0.8641785268484091 0.8677643376542858 0.8713372634967808 0.8748998542764729 0.8784545301571365 0.8820036731446621 0.8855486149491913 0.8890875735975547 0.8926231562271569 0.8961580443832756 0.8996949587230193 0.9032255150053898 0.9067514379667309 0.9102752984944573 0.9137998716206621 0.9173096652445589 0.9207971393683266 0.9242649001754227 0.9277156120400772 0.9311313626977296 0.9344786170922812 0.9377588376246253 0.9409739751165668 0.9441198474640506 0.947129495212743 0.9500032570138615 0.9527417319461805 0.9553461019501479 0.957762463291341 0.9599764294936537 0.9641405411521496 0.9656649276195267 0.9668427365225842 0.9687195463420654 0.96996814956677 0.96996814956677 0.9772858424192065 1.0 1.0
0.05558 0.1416 0.1134 0.1131 0.1123 0.1269 0.1464 0.1666 0.186 0.2046 0.221 0.2454 0.2739 0.3048 0.3388 0.375 0.4134 0.4533 0.4932 0.5347 0.5758 0.6175 0.6583 0.6964 0.734 0.7681 0.7951 0.8246 0.8443 0.8675 0.889 0.9074 0.9229 0.936 0.9472 0.9563 0.9641 0.9705 0.9758 0.9802 0.9839 0.9869 0.9892 0.9912 0.9928 0.9942 0.9953 0.9963 0.997 0.9976 0.9981 0.9985 0.9988 0.999 0.9992 0.9994 0.9995 0.9996 0.9997 0.9998 0.9998 0.9999 0.9999 0.9999 0.9999 0.9999 1.0 1.0 1.0 1.0 1.0 1.0 1.0 1.0 1.0 1.0 1.0 1.0 1.0 1.0 1.0 1.0 1.0 1.0 1.0 1.0 1.0 1.0 1.0 1.0 1.0 1.0 1.0 1.0 1.0 1.0 1.0 1.0 1.0 1.0 1.0 1.0 1.0 1.0 1.0 1.0 1.0 1.0
0.0 1.411089 2.351814 3.29254 4.233266 5.173991 6.114717 7.055443 7.996169 8.936894 9.87762 10.81835 11.75907 12.6998 13.64052 14.58125 15.52197 16.4627 17.40343 18.34415 19.28488 20.2256 21.16633 22.10705 23.04778 23.98851 24.92923 25.86996 26.81068 27.75141 28.69213 29.63286 30.57359 31.51431 32.45504 33.39576 34.33649 35.27721 36.21794 37.15867 38.09939 39.04012 39.98084 40.92157 41.86229 42.80302 43.74375 44.68447 45.6252 46.56592 47.50665 48.44737 49.3881 50.32883 51.26955 52.21028 53.151 54.09173 55.03246 55.97318 56.91391 57.85463 58.79536 59.73608 60.67681 61.61754 62.55826 63.49899 64.43971 65.38044 66.32116 67.26189 68.20262 69.14334 70.08407 71.02479 71.96552 72.90624 73.84697 74.7877 75.72842 76.66915 77.60987 78.5506 79.49132 80.43205 81.37278 82.3135 83.25423 84.19495 85.13568 86.0764 87.01713 87.95786 88.89858 89.83931 90.78003 91.72076 92.66148 93.60221 94.54294 95.48366 96.42439 97.36511 98.30584 99.24656 100.1873 101.128 102.0687 103.0095 103.9502 104.8909 105.8316 106.7724 107.7131 108.6538 109.5945
0.026914679475305202 0.08913819628470601 0.14038471029779698 0.19043703285022046 0.2378934014161343 0.28326615576549175 0.3229299240465325 0.35816811552388805 0.3896141594447662 0.4186233789330952 0.4459267822298393 0.4707070606493366 0.4930874678536565 0.5133017930059542 0.5315328286853496 0.5480256616717638 0.5629184470407731 0.5765146854945993 0.5889189157402805 0.6002861868423468 0.6107682872873238 0.6204701752718177 0.6294751394961076 0.6378576794006438 0.6456838855668154 0.6529907007247552 0.6599177367229017 0.6664803411591197 0.6728173793810946 0.678876195914228 0.6846807703076253 0.6902626910791189 0.6956551312730441 0.7008880786731786 0.7059891337863052 0.7109777971570094 0.7158689072753625 0.7206719503259065 0.7253937906833854 0.7300395070317245 0.7346124324062159 0.7391139863976923 0.7435461711154541 0.7479164887490649 0.7522283619520431 0.7564836660334333 0.7606818184747676 0.7648237841020518 0.7689138960518428 0.7729559592851969 0.776953488934014 0.7809098885841047 0.7848268152192615 0.7887051068652343 0.7925455281370987 0.7963487158962894 0.8001154347578819 0.8038466686155897 0.8075433813420329 0.8112065024879582 0.8148367604397968 0.8184345003230565 0.8219994856981628 0.8255318805474015 0.8290321396355991 0.83250057376639 0.8359380924694276 0.8393465157574047 0.8427276283677546 0.8460832512665553 0.8494153512878477 0.8527260029982214 0.856017246642392 0.8592911749012709 0.8625498642482181 0.8657953349068563 0.869029444071908 0.8722540136628361 0.8754708808532703 0.8786818856769961 0.8818888491000914 0.8850936092495709 0.8882978593378715 0.8915032382344634 0.8947113848088167 0.8979202959982456 0.9011309728574003 0.9043455099739631 0.9075660553251977 0.9107891319146192 0.9140115163462539 0.917235247911432 0.920462493655125 0.9236893933199246 0.9268981224127457 0.9300908479785595 0.9332697542232741 0.936437098763472 0.9395450883899983 0.9425927582768475 0.9455814012145961 0.9485128925122889 0.951341422955749 0.9540451075835529 0.956623929234764 0.9590783426742091 0.961384259666849 0.9635036639706122 0.966677817589202 0.9681296090129179 0.9699149461257557 0.9710960447449845 0.9727922765533332 0.9727922765533332 0.9794051501405409 1.0 1.0
0.0511 0.1287 0.1081 0.1051 0.1131 0.1132 0.1299 0.1481 0.1653 0.1812 0.1951 0.2158 0.2406 0.2682 0.2983 0.3307 0.3661 0.4011 0.4395 0.4789 0.5183 0.5589 0.5998 0.64 0.6784 0.7165 0.7455 0.7784 0.7981 0.8258 0.8514 0.8742 0.8937 0.9104 0.9247 0.937 0.9474 0.9562 0.9636 0.9698 0.975 0.9794 0.983 0.9858 0.9883 0.9904 0.9921 0.9936 0.9948 0.9958 0.9966 0.9973 0.9978 0.9982 0.9986 0.9988 0.9991 0.9993 0.9994 0.9995 0.9996 0.9997 0.9998 0.9998 0.9999 0.9999 0.9999 0.9999 0.9999 1.0 1.0 1.0 1.0 1.0 1.0 1.0 1.0 1.0 1.0 1.0 1.0 1.0 1.0 1.0 1.0 1.0 1.0 1.0 1.0 1.0 1.0 1.0 1.0 1.0 1.0 1.0 1.0 1.0 1.0 1.0 1.0 1.0 1.0 1.0 1.0 1.0 1.0 1.0 1.0 1.0 1.0 1.0 1.0 1.0 1.0 1.0 1.0
0.0 1.411089 2.351814 3.29254 4.233266 5.173991 6.114717 7.055443 7.996169 8.936894 9.87762 10.81835 11.75907 12.6998 13.64052 14.58125 15.52197 16.4627 17.40343 18.34415 19.28488 20.2256 21.16633 22.10705 23.04778 23.98851 24.92923 25.86996 26.81068 27.75141 28.69213 29.63286 30.57359 31.51431 32.45504 33.39576 34.33649 35.27721 36.21794 37.15867 38.09939 39.04012 39.98084 40.92157 41.86229 42.80302 43.74375 44.68447 45.6252 46.56592 47.50665 48.44737 49.3881 50.32883 51.26955 52.21028 53.151 54.09173 55.03246 55.97318 56.91391 57.85463 58.79536 59.73608 60.67681 61.61754 62.55826 63.49899 64.43971 65.38044 66.32116 67.26189 68.20262 69.14334 70.08407 71.02479 71.96552 72.90624 73.84697 74.7877 75.72842 76.66915 77.60987 78.5506 79.49132 80.43205 81.37278 82.3135 83.25423 84.19495 85.13568 86.0764 87.01713 87.95786 88.89858 89.83931 90.78003 91.72076 92.66148 93.60221 94.54294 95.48366 96.42439 97.36511 98.30584 99.24656 100.1873 101.128 102.0687 103.0095 103.9502 104.8909 105.8316 106.7724 107.7131 108.6538 109.5945 110.5353 111.476 112.4167 113.3575 114.2982 115.2389 116.1796 117.1204 118.0611 119.0018
0.027500095211105285 0.08803755466448993 0.13924176522166418 0.18709460209275228 0.23770015211318138 0.28158623708846464 0.3202968147020424 0.35504521799142247 0.3863411214086288 0.415354399670724 0.44281369727488074 0.46778073601753467 0.49036913504061796 0.5108400543409249 0.5293143227356687 0.5460221348570431 0.5610971367227611 0.5748143545569439 0.5873252773699648 0.5987585730704144 0.6092525129306504 0.6189230430248388 0.6278599676786253 0.6361372566345381 0.6438255561273866 0.6509663904536119 0.6576971306298225 0.6640406406725354 0.6701402538853773 0.675944299975172 0.681478894941599 0.686780936872794 0.6918843160108823 0.6968209008371966 0.7016175979361792 0.7062967792353991 0.7108737090288448 0.7153588880750509 0.71976035287317 0.7240843117546943 0.7283352841179253 0.7325154862704492 0.7366277849164851 0.7406801478916115 0.7446756688713064 0.7486165126654757 0.752502695486352 0.7563357126739938 0.7601199968435739 0.7638595390653372 0.7675580862723765 0.7712190849946475 0.7748444349243673 0.7784354025230138 0.7819931483957214 0.7855186042690444 0.7890125092300654 0.7924757244344428 0.795908988969259 0.7993128836139116 0.8026880053600313 0.8060349883920176 0.8093543419647119 0.8126464532643791 0.8159116036209413 0.819150092483874 0.8223627810088362 0.8255508126350686 0.828715347967706 0.8318575304459892 0.8349782565110248 0.8380780010858668 0.8411572219276763 0.8442167983116659 0.8472576791302833 0.8502806740415065 0.8532867853427856 0.8562772270442569 0.8592531597510551 0.8622158489709975 0.865166684187799 0.8681070558388351 0.8710383696200535 0.87396201596883 0.8768794015347732 0.8797919329674911 0.8827009997506989 0.8856080256998986 0.8885144012524657 0.8914215683434566 0.8943309689079274 0.8972439752636997 0.9001618882040383 0.9030859913563147 0.9060159690588204 0.9089507122041013 0.9118919631303503 0.9148414622684389 0.9177999487054493 0.9207600000997531 0.9237233053845408 0.926691552539343 0.9296665525659262 0.9326299455875032 0.9355791805615636 0.9385158586845092 0.94144166793587 0.9443318283946798 0.9471658163279054 0.9499444051544164 0.9526687726452409 0.9553228448484128 0.9578605618569566 0.9602818178145288 0.962586964621947 0.9647767928639741 0.9667946379260782 0.9688824969459134 0.9704628529992557 0.9720519131142769 0.9734255670143777 0.9743323686911782 0.9753846131691881 0.9753846131691881 0.9813361438478608 1.0 1.0
0.03836 0.1237 0.09719 0.09907 0.09468 0.1052 0.1194 0.1346 0.1489 0.1624 0.1738 0.1919 0.2135 0.2373 0.2639 0.2928 0.3246 0.3572 0.3918 0.4284 0.4663 0.5055 0.5454 0.5856 0.6246 0.664 0.6957 0.7311 0.7536 0.7844 0.8135 0.8393 0.8622 0.882 0.8995 0.9145 0.9276 0.9388 0.9484 0.9567 0.9636 0.9696 0.9746 0.9785 0.982 0.985 0.9876 0.9898 0.9916 0.9931 0.9943 0.9954 0.9962 0.9969 0.9975 0.998 0.9983 0.9986 0.9989 0.9991 0.9993 0.9994 0.9995 0.9996 0.9997 0.9998 0.9998 0.9998 0.9999 0.9999 0.9999 0.9999 1.0 1.0 1.0 1.0 1.0 1.0 1.0 1.0 1.0 1.0 1.0 1.0 1.0 1.0 1.0 1.0 1.0 1.0 1.0 1.0 1.0 1.0 1.0 1.0 1.0 1.0 1.0 1.0 1.0 1.0 1.0 1.0 1.0 1.0 1.0 1.0 1.0 1.0 1.0 1.0 1.0 1.0 1.0 1.0 1.0 1.0 1.0 1.0 1.0 1.0 1.0 1.0 1.0 1.0 1.0
0.0 1.411089 2.351814 3.29254 4.233266 5.173991 6.114717 7.055443 7.996169 8.936894 9.87762 10.81835 11.75907 12.6998 13.64052 14.58125 15.52197 16.4627 17.40343 18.34415 19.28488 20.2256 21.16633 22.10705 23.04778 23.98851 24.92923 25.86996 26.81068 27.75141 28.69213 29.63286 30.57359 31.51431 32.45504 33.39576 34.33649 35.27721 36.21794 37.15867 38.09939 39.04012 39.98084 40.92157 41.86229 42.80302 43.74375 44.68447 45.6252 46.56592 47.50665 48.44737 49.3881 50.32883 51.26955 52.21028 53.151 54.09173 55.03246 55.97318 56.91391 57.85463 58.79536 59.73608 60.67681 61.61754 62.55826 63.49899 64.43971 65.38044 66.32116 67.26189 68.20262 69.14334 70.08407 71.02479 71.96552 72.90624 73.84697 74.7877 75.72842 76.66915 77.60987 78.5506 79.49132 80.43205 81.37278 82.3135 83.25423 84.19495 85.13568 86.0764 87.01713 87.95786 88.89858 89.83931 90.78003 91.72076 92.66148 93.60221 94.54294 95.48366 96.42439 97.36511 98.30584 99.24656 100.1873 101.128 102.0687 103.0095 103.9502 104.8909 105.8316 106.7724 107.7131 108.6538 109.5945 110.5353 111.476 112.4167 113.3575 114.2982 115.2389 116.1796 117.1204 118.0611 119.0018 119.9425 120.8833 121.824 122.7647 123.7054 124.6462 125.5869 126.5276 127.4683
0.024828055853689725 0.08524453180147162 0.13559654600432838 0.18306352873194998 0.23202489987663316 0.2746718711350258 0.3125866044693572 0.3469170418471424 0.3780192489975091 0.40694342267377337 0.4344417429189816 0.4595574628523423 0.4823599650993488 0.5030490259060342 0.5217687535093704 0.5387362483826752 0.5540574940340466 0.5680210878989957 0.5807249847205839 0.5923204071930571 0.6029502444763715 0.6127256325838256 0.6217350355534287 0.6300481560183907 0.6377352642446577 0.6448407451120629 0.6515127669554849 0.6577691254421486 0.6637873086615764 0.6694816564528965 0.6748812142784242 0.6800274126610365 0.6849575772627201 0.6897054603259574 0.6943024616555514 0.6987712722748703 0.7031289478332943 0.7073876848154089 0.7115571015483915 0.7156447220232015 0.7196561454224781 0.723595100407564 0.7274652270662373 0.7312755437112063 0.7350291247023213 0.7387285986743983 0.74237454945104 0.74596883231508 0.7495159645183062 0.7530199833009305 0.7564847011358405 0.7599134676276191 0.7633081552023708 0.7666699657938415 0.7700000165718278 0.7732992523210175 0.7765686340169647 0.7798092102563841 0.7830219086806928 0.7862075874058216 0.789367054070294 0.7925011163126331 0.7956105293891464 0.7986960152220047 0.8017581576348104 0.8047973004453779 0.8078141817667447 0.8108097806701392 0.8137849390806258 0.8167404646367278 0.8196773192664032 0.8225964296586652 0.8254986034520371 0.828384648285042 0.831255303223121 0.8341113406658526 0.8369534301531915 0.8397822593207671 0.8425985319950758 0.8454027977131787 0.8481953145765377 0.8509760311553414 0.8537452560284592 0.8565035053988155 0.8592511907049031 0.8619887929107011 0.864717256800897 0.8674374243005551 0.870150205907822 0.8728566664102791 0.8755578705955077 0.8782549013467635 0.8809488739290356 0.8836408883688505 0.8863320789792755 0.8890236295983819 0.891716709778182 0.8944124862134766 0.8971121103606037 0.8998167327234972 0.9025274876152246 0.9052454055368263 0.907971464607127 0.9107066791363002 0.9134480604808485 0.9161967591447058 0.9189540808736452 0.9217213476043058 0.9244931487300244 0.9272678699261584 0.9300467312221279 0.932831071697843 0.9356126816315226 0.9383797083563955 0.9411335604778582 0.9438756970787142 0.9466011380388715 0.9492728329410762 0.9518914341820127 0.9544579027372354 0.9569738195972496 0.9593879806701624 0.9616925876726855 0.9638877434644424 0.9659740832988467 0.9679209645322114 0.9697056266156818 0.9723898770587496 0.973630281255925 0.9751521712885495 0.9766251896664785 0.9776029189580078 0.9776029189580078 0.9830301145928586 1.0 1.0
0.04473 0.1138 0.09004 0.09144 0.08954 0.09904 0.1115 0.1244 0.1369 0.1487 0.1583 0.174 0.1929 0.2142 0.2376 0.2631 0.2916 0.3205 0.3526 0.3862 0.4212 0.4578 0.4956 0.5345 0.5732 0.6129 0.6452 0.682 0.7034 0.7368 0.7691 0.7983 0.8245 0.8479 0.8684 0.8866 0.9027 0.9167 0.9289 0.9394 0.9486 0.9564 0.9631 0.9684 0.9733 0.9774 0.9811 0.9842 0.9868 0.989 0.9909 0.9925 0.9938 0.9948 0.9957 0.9965 0.9971 0.9976 0.998 0.9984 0.9987 0.9989 0.9991 0.9993 0.9994 0.9995 0.9996 0.9997 0.9997 0.9998 0.9998 0.9999 0.9999 0.9999 0.9999 0.9999 1.0 1.0 1.0 1.0 1.0 1.0 1.0 1.0 1.0 1.0 1.0 1.0 1.0 1.0 1.0 1.0 1.0 1.0 1.0 1.0 1.0 1.0 1.0 1.0 1.0 1.0 1.0 1.0 1.0 1.0 1.0 1.0 1.0 1.0 1.0 1.0 1.0 1.0 1.0 1.0 1.0 1.0 1.0 1.0 1.0 1.0 1.0 1.0 1.0 1.0 1.0 1.0 1.0 1.0 1.0 1.0 1.0 1.0 1.0 1.0
